Model	Replicate	log-likelihood	AIC	chi-squared	theta	optimized_params(nu1a, nu2a, nu1b, nu2b, m, T1, T2)
sec_contact_sym_mig_size	Round_1_Replicate_1	-2578.95	5171.9	59043.75	215.0	0.2085,1.0056,0.5239,4.5538,0.5622,0.1876,0.2117
sec_contact_sym_mig_size	Round_1_Replicate_2	-763.84	1541.68	1053.16	278.43	0.168,5.7315,0.3043,0.5704,0.2588,0.8494,2.3563
sec_contact_sym_mig_size	Round_1_Replicate_3	-3787.32	7588.64	2681363.16	282.78	0.9248,0.4875,0.3224,1.003,2.5347,0.2006,2.2184
sec_contact_sym_mig_size	Round_1_Replicate_4	-1043.18	2100.36	2140.35	315.51	0.4519,6.0832,0.3348,0.5361,0.6199,2.3789,5.2096
sec_contact_sym_mig_size	Round_1_Replicate_5	-3867.43	7748.86	2602552.68	309.65	0.4303,0.3744,3.6242,0.1869,3.3918,0.4875,0.3173
sec_contact_sym_mig_size	Round_1_Replicate_6	-1550.16	3114.32	12413.94	210.72	1.8131,1.1197,0.9896,0.5217,0.8115,1.1604,0.3071
sec_contact_sym_mig_size	Round_1_Replicate_7	-6341.63	12697.26	269968508.47	118.78	0.9756,0.1468,0.6025,1.7029,3.5896,7.4529,0.2927
sec_contact_sym_mig_size	Round_1_Replicate_8	-2509.54	5033.08	145455.94	106.93	0.8362,0.7941,2.9077,2.8053,0.2299,0.1995,1.5974
sec_contact_sym_mig_size	Round_1_Replicate_9	-3822.18	7658.36	2221136.22	149.47	0.1192,0.3305,4.9938,0.3853,1.6718,0.1778,7.8594
sec_contact_sym_mig_size	Round_1_Replicate_10	-1419.18	2852.36	6766.06	447.4	2.8846,0.3804,0.3292,0.2289,1.644,0.5053,0.5614
sec_contact_sym_mig_size	Round_2_Replicate_1	-744.09	1502.18	960.21	308.4	0.4055,3.6581,0.4766,0.4785,0.3406,0.4675,0.9264
sec_contact_sym_mig_size	Round_2_Replicate_2	-747.3	1508.6	1290.31	305.84	0.0561,4.6424,0.7947,0.3214,0.1035,0.3045,1.1719
sec_contact_sym_mig_size	Round_2_Replicate_3	-888.48	1790.96	1695.17	532.74	0.3001,3.9521,0.1253,0.147,0.4655,1.6498,1.3683
sec_contact_sym_mig_size	Round_2_Replicate_4	-746.17	1506.34	1279.21	269.33	0.2781,3.7637,0.4099,0.329,0.185,0.6013,5.9735
sec_contact_sym_mig_size	Round_2_Replicate_5	-1218.56	2451.12	3971.22	249.47	0.043,7.155,0.5651,0.1647,0.0948,0.4614,4.6164
sec_contact_sym_mig_size	Round_2_Replicate_6	-1031.81	2077.62	2289.5	263.99	0.078,2.137,0.5373,0.5995,0.4975,0.6388,2.0614
sec_contact_sym_mig_size	Round_2_Replicate_7	-1981.66	3977.32	15841.02	175.14	0.143,14.434,0.28,1.6389,0.5843,2.9504,7.2401
sec_contact_sym_mig_size	Round_2_Replicate_8	-2725.25	5464.5	136493.2	164.73	0.5577,15.623,0.3537,1.9299,0.9179,2.217,5.4861
sec_contact_sym_mig_size	Round_2_Replicate_9	-705.92	1425.84	1029.97	220.43	0.2363,2.3993,1.0355,0.4524,0.1559,0.4517,2.2259
sec_contact_sym_mig_size	Round_2_Replicate_10	-645.26	1304.52	807.16	145.39	0.4726,3.3897,1.1611,0.8518,0.1041,0.5841,4.7346
sec_contact_sym_mig_size	Round_2_Replicate_11	-920.0	1854.0	2078.96	233.92	0.6169,2.7598,0.4892,0.2723,0.1282,1.3937,5.6457
sec_contact_sym_mig_size	Round_2_Replicate_12	-647.81	1309.62	809.5	327.35	0.2593,3.7671,0.4748,0.4265,0.1483,0.4396,0.6907
sec_contact_sym_mig_size	Round_2_Replicate_13	-910.1	1834.2	1855.38	316.07	0.0477,4.7917,0.7089,0.1966,0.4453,1.0962,2.5978
sec_contact_sym_mig_size	Round_2_Replicate_14	-1706.97	3427.94	6626.21	243.69	0.4067,18.3811,0.1061,0.318,0.1073,2.7574,6.7639
sec_contact_sym_mig_size	Round_2_Replicate_15	-828.9	1671.8	1274.2	541.07	0.1182,2.3758,0.2902,0.2165,0.8713,0.6368,5.9428
sec_contact_sym_mig_size	Round_2_Replicate_16	-1766.5	3547.0	6703.38	260.76	0.1443,8.0973,0.1116,1.0461,0.5798,0.8708,1.5069
sec_contact_sym_mig_size	Round_2_Replicate_17	-1347.14	2708.28	3548.01	475.47	0.0865,3.8804,0.1118,0.4763,0.9593,1.6485,3.1502
sec_contact_sym_mig_size	Round_2_Replicate_18	-828.24	1670.48	1236.41	198.3	0.0516,4.9669,0.9955,0.806,0.1447,1.2597,0.6648
sec_contact_sym_mig_size	Round_2_Replicate_19	-790.2	1594.4	1179.69	340.36	0.1009,12.7305,0.9297,0.2658,0.2754,0.3576,0.6586
sec_contact_sym_mig_size	Round_2_Replicate_20	-848.76	1711.52	1531.08	293.79	0.1703,20.2043,0.26,0.436,0.1539,0.2916,3.3391
sec_contact_sym_mig_size	Round_3_Replicate_1	-926.34	1866.68	1881.0	178.54	0.1866,2.3845,2.0514,0.401,0.0689,1.3789,1.5521
sec_contact_sym_mig_size	Round_3_Replicate_2	-1262.79	2539.58	3854.83	121.99	0.5813,1.9575,3.4855,0.3735,0.0301,0.7756,3.28
sec_contact_sym_mig_size	Round_3_Replicate_3	-1438.06	2890.12	7548.1	92.42	0.1689,3.6527,2.7299,1.1287,0.2464,0.797,8.9999
sec_contact_sym_mig_size	Round_3_Replicate_4	-1292.3	2598.6	2978.23	136.35	0.4609,2.5459,0.3397,2.5111,0.0672,0.5196,2.3409
sec_contact_sym_mig_size	Round_3_Replicate_5	-1070.85	2155.7	2518.86	156.32	0.6189,4.055,0.8436,1.0851,0.3004,0.2806,5.8604
sec_contact_sym_mig_size	Round_3_Replicate_6	-792.75	1599.5	1091.16	149.48	0.4255,2.389,0.689,1.5016,0.0738,1.2893,2.0258
sec_contact_sym_mig_size	Round_3_Replicate_7	-1331.65	2677.3	4213.73	137.74	0.1403,1.7431,2.8962,1.5975,0.1064,0.2061,1.3213
sec_contact_sym_mig_size	Round_3_Replicate_8	-775.69	1565.38	988.19	83.64	0.1313,0.973,2.6356,2.3092,0.0558,2.2839,3.4799
sec_contact_sym_mig_size	Round_3_Replicate_9	-1432.08	2878.16	4495.97	127.44	0.2326,3.1767,3.1916,0.3252,0.2293,1.3869,4.2384
sec_contact_sym_mig_size	Round_3_Replicate_10	-970.65	1955.3	2368.95	114.44	0.4975,2.2874,2.3595,0.4357,0.0905,1.1731,6.6491
sec_contact_sym_mig_size	Round_3_Replicate_11	-654.28	1322.56	822.24	135.1	0.3565,4.6347,1.0257,0.8937,0.1193,0.4273,7.9215
sec_contact_sym_mig_size	Round_3_Replicate_12	-901.49	1816.98	1616.23	122.55	0.7601,8.8063,1.5396,1.5236,0.1306,0.7943,2.9162
sec_contact_sym_mig_size	Round_3_Replicate_13	-1128.41	2270.82	3083.56	141.24	0.2264,7.825,2.3213,1.2025,0.1358,0.1595,1.8837
sec_contact_sym_mig_size	Round_3_Replicate_14	-716.66	1447.32	925.94	111.89	1.2924,8.6787,2.064,1.1843,0.0793,0.2878,4.5951
sec_contact_sym_mig_size	Round_3_Replicate_15	-914.95	1843.9	1425.33	89.31	0.1922,2.5018,3.0646,2.4009,0.0349,0.4397,3.1999
sec_contact_sym_mig_size	Round_3_Replicate_16	-722.12	1458.24	934.46	167.71	0.2235,6.2434,0.5726,0.8577,0.1696,1.4955,7.3892
sec_contact_sym_mig_size	Round_3_Replicate_17	-819.98	1653.96	1104.68	97.93	0.959,3.2723,1.067,2.4216,0.0622,0.3068,5.2797
sec_contact_sym_mig_size	Round_3_Replicate_18	-1023.68	2061.36	1773.8	147.91	0.7944,5.0882,3.1409,0.7319,0.0935,0.5364,1.4525
sec_contact_sym_mig_size	Round_3_Replicate_19	-953.0	1920.0	2354.21	79.06	0.9447,11.9298,2.8899,0.5998,0.0826,0.8774,19.9949
sec_contact_sym_mig_size	Round_3_Replicate_20	-1173.47	2360.94	3803.06	156.8	1.7343,5.7792,1.0647,0.2529,0.0638,1.9314,5.6143
sec_contact_sym_mig_size	Round_3_Replicate_21	-637.94	1289.88	792.04	86.0	1.1132,5.5996,1.9223,1.5995,0.0465,1.0164,7.5769
sec_contact_sym_mig_size	Round_3_Replicate_22	-1252.5	2519.0	3894.29	87.49	0.2055,6.9859,1.2968,2.9024,0.1449,0.163,5.9122
sec_contact_sym_mig_size	Round_3_Replicate_23	-728.04	1470.08	905.34	247.83	0.977,0.8521,0.4404,0.7783,0.1664,0.6154,1.301
sec_contact_sym_mig_size	Round_3_Replicate_24	-731.33	1476.66	901.63	268.34	0.2334,0.9218,0.4352,0.6416,0.2475,0.4129,1.8072
sec_contact_sym_mig_size	Round_3_Replicate_25	-690.89	1395.78	792.73	135.89	0.6327,10.4645,1.2549,1.3637,0.0732,0.3273,3.1813
sec_contact_sym_mig_size	Round_3_Replicate_26	-1130.03	2274.06	3481.05	96.35	0.4462,1.0115,2.7544,0.3705,0.0794,1.0719,10.4012
sec_contact_sym_mig_size	Round_3_Replicate_27	-1474.18	2962.36	5445.59	157.71	1.1663,5.1083,0.5533,0.2677,0.05,1.555,8.6405
sec_contact_sym_mig_size	Round_3_Replicate_28	-1032.49	2078.98	2152.92	144.03	0.3772,1.6731,3.3124,0.5421,0.0388,1.5244,1.5675
sec_contact_sym_mig_size	Round_3_Replicate_29	-663.08	1340.16	815.39	159.79	0.1464,1.3255,0.782,0.9498,0.1059,0.4004,4.5773
sec_contact_sym_mig_size	Round_3_Replicate_30	-936.25	1886.5	1676.36	120.45	0.8374,1.8017,1.0982,1.308,0.2038,0.4877,9.131
sec_contact_sym_mig_size	Round_4_Replicate_1	-657.07	1328.14	876.92	98.58	0.6212,10.7336,1.3765,1.1045,0.0878,0.8838,13.7433
sec_contact_sym_mig_size	Round_4_Replicate_2	-642.59	1299.18	828.32	66.51	1.5055,4.4984,2.2777,2.0219,0.036,0.7234,11.8211
sec_contact_sym_mig_size	Round_4_Replicate_3	-725.2	1464.4	994.28	86.03	1.5817,6.5042,1.1159,1.8802,0.057,2.1565,8.9312
sec_contact_sym_mig_size	Round_4_Replicate_4	-638.61	1291.22	808.55	125.83	1.0989,11.1103,1.3428,1.0323,0.0714,0.6624,5.0572
sec_contact_sym_mig_size	Round_4_Replicate_5	-708.94	1431.88	908.0	98.14	1.7662,3.0238,1.1418,1.88,0.0544,1.3529,5.8082
sec_contact_sym_mig_size	Round_4_Replicate_6	-637.76	1289.52	790.05	58.39	1.7786,9.1806,2.7921,2.3206,0.0335,1.8906,11.6878
sec_contact_sym_mig_size	Round_4_Replicate_7	-662.94	1339.88	830.01	81.78	1.7666,10.518,2.0377,2.109,0.0285,0.8403,6.225
sec_contact_sym_mig_size	Round_4_Replicate_8	-650.15	1314.3	788.49	71.3	1.8068,3.0397,2.7271,2.0909,0.0311,0.689,7.8252
sec_contact_sym_mig_size	Round_4_Replicate_9	-720.4	1454.8	1129.61	96.15	0.8203,10.0457,2.3531,0.9449,0.0674,1.1664,6.9544
sec_contact_sym_mig_size	Round_4_Replicate_10	-646.79	1307.58	812.09	71.27	1.0713,6.052,2.0664,2.0947,0.0355,1.5185,9.1153
sec_contact_sym_mig_size	Round_4_Replicate_11	-650.9	1315.8	828.64	111.24	1.0513,8.1421,1.221,1.088,0.0914,2.0429,7.5934
sec_contact_sym_mig_size	Round_4_Replicate_12	-643.76	1301.52	799.34	105.55	1.4492,5.0705,1.7968,1.2813,0.0537,0.6349,5.4281
sec_contact_sym_mig_size	Round_4_Replicate_13	-651.98	1317.96	768.19	67.08	2.1092,6.2945,2.2776,2.4788,0.0335,1.3753,8.588
sec_contact_sym_mig_size	Round_4_Replicate_14	-693.68	1401.36	873.41	69.13	2.4921,3.3985,1.561,2.2326,0.0544,2.0419,12.8468
sec_contact_sym_mig_size	Round_4_Replicate_15	-682.59	1379.18	1076.77	100.61	1.2311,9.9636,1.6581,0.9229,0.0659,1.6498,8.6884
sec_contact_sym_mig_size	Round_4_Replicate_16	-657.28	1328.56	793.94	66.0	1.5291,4.7362,1.9727,2.1862,0.0491,0.9778,13.3701
sec_contact_sym_mig_size	Round_4_Replicate_17	-658.66	1331.32	838.98	80.84	0.7925,5.4195,1.7679,1.9912,0.0355,1.6707,6.9817
sec_contact_sym_mig_size	Round_4_Replicate_18	-638.3	1290.6	789.74	62.2	0.6635,4.1564,2.756,2.1798,0.0344,0.9515,11.2618
sec_contact_sym_mig_size	Round_4_Replicate_19	-658.43	1330.86	944.46	87.78	1.3961,9.1102,1.7661,1.1883,0.0605,0.5438,11.6675
sec_contact_sym_mig_size	Round_4_Replicate_20	-730.02	1474.04	998.06	92.34	0.7169,3.0719,0.9699,1.5755,0.0791,1.3778,14.2212
sec_contact_sym_mig_size	Round_4_Replicate_21	-724.99	1463.98	1201.99	101.06	2.1614,3.7148,2.0506,0.8218,0.078,0.5136,8.824
sec_contact_sym_mig_size	Round_4_Replicate_22	-638.76	1291.52	791.02	99.29	1.4278,11.9093,1.6971,1.3184,0.0609,1.86,5.5713
sec_contact_sym_mig_size	Round_4_Replicate_23	-689.08	1392.16	884.38	86.95	1.1634,8.9901,1.2059,1.5645,0.0776,1.1268,15.231
sec_contact_sym_mig_size	Round_4_Replicate_24	-692.68	1399.36	865.97	76.58	2.1101,4.3309,2.0213,2.5772,0.0254,1.1738,5.803
sec_contact_sym_mig_size	Round_4_Replicate_25	-682.0	1378.0	1055.72	92.52	1.7714,6.9224,1.7245,0.9623,0.0771,1.0316,13.7884
sec_contact_sym_mig_size	Round_4_Replicate_26	-702.05	1418.1	1089.63	100.67	0.5778,4.3052,2.2691,1.0192,0.0442,0.5353,6.1077
sec_contact_sym_mig_size	Round_4_Replicate_27	-656.82	1327.64	847.66	130.19	1.046,9.5523,0.9705,0.9244,0.1093,0.7434,8.7359
sec_contact_sym_mig_size	Round_4_Replicate_28	-739.78	1493.56	1321.49	89.12	1.1957,10.7379,2.0705,0.827,0.0779,0.9472,14.527
sec_contact_sym_mig_size	Round_4_Replicate_29	-686.87	1387.74	885.29	78.07	0.8957,6.2806,1.3909,1.9252,0.0555,0.5695,12.5122
sec_contact_sym_mig_size	Round_4_Replicate_30	-680.05	1374.1	1060.05	77.15	1.1002,5.3325,2.2527,1.2221,0.0496,1.1834,12.0095
sec_contact_sym_mig_size	Round_4_Replicate_31	-666.68	1347.36	827.7	118.04	0.6829,6.8366,1.0231,1.2563,0.0825,1.6118,5.7401
sec_contact_sym_mig_size	Round_4_Replicate_32	-641.68	1297.36	769.72	54.69	1.521,9.1659,2.9094,2.5101,0.0368,0.7072,14.4605
sec_contact_sym_mig_size	Round_4_Replicate_33	-700.84	1415.68	888.38	78.22	0.718,8.4207,1.3392,1.9627,0.0645,0.8446,13.1157
sec_contact_sym_mig_size	Round_4_Replicate_34	-695.75	1405.5	899.18	71.72	0.6529,5.503,1.454,2.0927,0.0549,1.6802,13.5849
sec_contact_sym_mig_size	Round_4_Replicate_35	-684.95	1383.9	923.67	97.44	1.9902,8.2821,2.3957,1.1949,0.0523,1.4249,4.7034
sec_contact_sym_mig_size	Round_4_Replicate_36	-667.04	1348.08	784.25	64.2	1.3282,4.4667,2.0707,2.5286,0.044,0.5054,11.9515
sec_contact_sym_mig_size	Round_4_Replicate_37	-719.74	1453.48	1118.19	109.25	0.5446,10.687,2.1259,0.8499,0.0721,0.8933,5.7829
sec_contact_sym_mig_size	Round_4_Replicate_38	-745.04	1504.08	1267.24	81.2	1.0339,4.352,2.9417,1.0491,0.046,1.0703,8.2613
sec_contact_sym_mig_size	Round_4_Replicate_39	-638.38	1290.76	777.19	65.97	0.6201,3.1494,2.5556,2.1027,0.0375,1.4203,10.0146
sec_contact_sym_mig_size	Round_4_Replicate_40	-663.17	1340.34	970.94	79.55	2.1967,11.4873,2.2302,1.429,0.0372,1.4131,8.6399
