Model	Replicate	log-likelihood	AIC	chi-squared	theta	optimized_params(nu1a, nu2a, nu1b, nu2b, m, T1, T2)
sym_mig_size	Round_1_Replicate_1	-8677.44	17368.88	1.66558523122e+11	82.0	3.9922,5.4489,2.3694,4.2719,2.0087,1.8065,0.12
sym_mig_size	Round_1_Replicate_2	-6865.64	13745.28	1445466762.85	174.84	0.74,4.1936,0.3086,6.892,5.343,2.418,4.6128
sym_mig_size	Round_1_Replicate_3	-3297.6	6609.2	663975.54	275.28	3.129,0.3346,0.2423,1.1528,2.0825,4.4843,2.366
sym_mig_size	Round_1_Replicate_4	-3282.58	6579.16	653385.49	227.21	0.2521,7.7181,3.8766,0.7343,0.9407,0.2176,0.3113
sym_mig_size	Round_1_Replicate_5	-835.13	1684.26	1397.27	130.67	6.2453,1.0388,0.9234,0.6892,0.2616,6.3111,0.9932
sym_mig_size	Round_1_Replicate_6	-2340.01	4694.02	57728.0	155.37	1.1239,1.0004,3.321,4.0559,0.3689,1.2376,0.1588
sym_mig_size	Round_1_Replicate_7	-3246.01	6506.02	279319.64	157.52	0.1437,5.9436,0.3901,2.2965,0.9504,1.5493,0.132
sym_mig_size	Round_1_Replicate_8	-8689.86	17393.72	42409353391.5	190.76	0.1728,0.3748,4.3291,6.4957,1.9836,0.4344,0.2811
sym_mig_size	Round_1_Replicate_9	-3387.88	6789.76	296694.0	186.77	2.8385,1.2119,0.1798,6.2974,1.5071,0.5392,0.1869
sym_mig_size	Round_1_Replicate_10	-1357.39	2728.78	5234.77	208.86	4.7767,0.5467,0.5026,0.9133,0.531,1.8718,7.9531
sym_mig_size	Round_2_Replicate_1	-906.61	1827.22	2042.24	129.75	5.3516,0.349,0.3559,0.4167,0.1064,17.0714,0.6192
sym_mig_size	Round_2_Replicate_2	-590.75	1195.5	845.77	278.45	7.0882,1.0855,0.2499,0.2698,0.1866,1.8833,0.3324
sym_mig_size	Round_2_Replicate_3	-1466.18	2946.36	5772.23	62.92	11.3032,0.621,1.7103,0.7771,0.1908,16.1066,0.2732
sym_mig_size	Round_2_Replicate_4	-703.28	1420.56	1034.28	359.29	8.196,2.2821,0.2766,0.236,0.4759,2.0005,1.1768
sym_mig_size	Round_2_Replicate_5	-1248.7	2511.4	3334.7	74.6	20.3118,1.3036,2.4781,0.5259,0.1308,6.0946,0.6101
sym_mig_size	Round_2_Replicate_6	-964.71	1943.42	2305.03	40.33	14.8979,3.6674,1.7555,0.9683,0.0622,13.9025,0.296
sym_mig_size	Round_2_Replicate_7	-2181.42	4376.84	40301.55	139.82	2.488,1.3397,2.4317,0.4042,0.7247,11.8079,3.4261
sym_mig_size	Round_2_Replicate_8	-693.2	1400.4	1054.84	230.87	2.0038,0.2913,0.5717,0.4564,0.1749,2.1995,0.2836
sym_mig_size	Round_2_Replicate_9	-803.77	1621.54	1653.79	111.18	25.2939,2.9627,0.7491,0.5034,0.1083,9.6137,1.8042
sym_mig_size	Round_2_Replicate_10	-915.71	1845.42	1722.02	117.29	10.549,0.3751,0.5675,1.263,0.2725,9.025,0.4354
sym_mig_size	Round_2_Replicate_11	-1161.91	2337.82	3787.04	61.81	12.4319,1.4137,2.7537,0.495,0.0843,15.0719,1.7304
sym_mig_size	Round_2_Replicate_12	-1380.63	2775.26	5890.67	200.57	1.7463,1.0984,1.1505,0.4218,0.5836,2.9443,1.9826
sym_mig_size	Round_2_Replicate_13	-1806.8	3627.6	11918.01	160.02	1.8974,1.7821,0.2605,0.7525,1.0185,10.4286,0.5039
sym_mig_size	Round_2_Replicate_14	-878.76	1771.52	2181.39	194.84	3.8318,1.435,0.6594,0.2241,0.2478,7.6503,1.678
sym_mig_size	Round_2_Replicate_15	-1565.18	3144.36	5856.96	119.93	10.5838,0.5112,1.3764,0.2044,0.389,5.6111,0.304
sym_mig_size	Round_2_Replicate_16	-3045.59	6105.18	473166.47	119.05	1.606,0.8371,3.0618,1.3115,0.6627,21.8669,0.3935
sym_mig_size	Round_2_Replicate_17	-2146.63	4307.26	59686.84	101.83	3.2773,1.3526,0.7893,1.6068,0.579,8.6675,0.3607
sym_mig_size	Round_2_Replicate_18	-1823.84	3661.68	17628.97	127.81	1.6463,1.0684,0.7218,1.7371,0.4402,6.8107,3.6337
sym_mig_size	Round_2_Replicate_19	-1304.22	2622.44	3167.36	129.93	25.1076,2.5046,0.2703,0.7331,0.5953,8.9181,0.9193
sym_mig_size	Round_2_Replicate_20	-1160.04	2334.08	3220.18	104.74	2.4107,0.3513,2.7182,0.3839,0.1504,22.0695,1.1844
sym_mig_size	Round_3_Replicate_1	-1226.44	2466.88	5244.27	214.11	10.308,0.5463,0.8233,0.5919,0.3745,0.946,0.3135
sym_mig_size	Round_3_Replicate_2	-777.48	1568.96	1398.69	239.04	4.6303,0.4613,0.5316,0.2777,0.2127,1.6352,0.2602
sym_mig_size	Round_3_Replicate_3	-641.06	1296.12	960.31	234.87	4.7635,0.3207,0.2887,0.3563,0.2454,2.9034,0.2351
sym_mig_size	Round_3_Replicate_4	-855.9	1725.8	2194.23	227.53	20.7869,2.8043,0.3682,0.4604,0.2178,0.9878,0.2363
sym_mig_size	Round_3_Replicate_5	-723.01	1460.02	1633.29	243.77	22.7218,2.5725,0.1007,0.1126,0.0998,2.7756,0.1402
sym_mig_size	Round_3_Replicate_6	-1297.66	2609.32	3968.87	321.06	22.1337,1.0497,0.1132,0.4808,0.1155,1.32,0.8893
sym_mig_size	Round_3_Replicate_7	-1645.64	3305.28	7565.41	218.52	25.26,1.0037,0.0984,1.0342,0.0512,2.2373,0.4987
sym_mig_size	Round_3_Replicate_8	-567.91	1149.82	694.75	449.76	5.2793,0.6716,0.125,0.1422,0.3081,0.495,0.1121
sym_mig_size	Round_3_Replicate_9	-1294.03	2602.06	5323.47	196.19	23.6227,1.4387,0.8417,0.1174,0.2046,3.2212,0.9512
sym_mig_size	Round_3_Replicate_10	-886.88	1787.76	1706.34	397.06	3.4797,3.7063,0.1442,0.1537,0.511,2.7604,0.7298
sym_mig_size	Round_3_Replicate_11	-683.24	1380.48	847.65	285.59	21.0195,2.3887,0.2144,0.4598,0.1197,0.7328,0.2334
sym_mig_size	Round_3_Replicate_12	-684.47	1382.94	952.88	300.27	9.5699,0.7111,0.434,0.3577,0.1428,0.6118,0.2745
sym_mig_size	Round_3_Replicate_13	-759.21	1532.42	1606.45	342.36	4.2787,0.4064,0.3252,0.2163,0.1218,1.2223,0.4208
sym_mig_size	Round_3_Replicate_14	-945.94	1905.88	1898.42	294.25	24.5321,0.2872,0.111,0.2304,0.2496,4.1103,0.2969
sym_mig_size	Round_3_Replicate_15	-991.15	1996.3	1969.89	233.29	3.4854,0.5921,0.7566,0.2214,0.0472,0.8914,0.1094
sym_mig_size	Round_3_Replicate_16	-839.48	1692.96	1712.41	289.03	10.5175,1.1595,0.2534,0.506,0.1471,0.5339,0.164
sym_mig_size	Round_3_Replicate_17	-707.06	1428.12	955.59	284.28	3.3049,1.9448,0.2846,0.4288,0.2727,1.6995,0.8412
sym_mig_size	Round_3_Replicate_18	-1624.68	3263.36	19871.18	223.25	7.2621,3.018,0.8799,0.7059,0.4527,0.4614,0.4229
sym_mig_size	Round_3_Replicate_19	-1568.36	3150.72	7060.04	328.3	11.0797,3.8404,0.1644,0.2399,0.0548,1.7628,0.9628
sym_mig_size	Round_3_Replicate_20	-623.85	1261.7	778.18	202.96	1.8849,0.3704,0.6249,0.7011,0.1164,2.505,0.5957
sym_mig_size	Round_3_Replicate_21	-564.22	1142.44	778.54	106.73	7.2293,4.5363,0.207,0.1729,0.0741,5.7782,0.1129
sym_mig_size	Round_3_Replicate_22	-677.89	1369.78	1182.06	428.95	3.1667,3.8338,0.2034,0.2211,0.1058,0.5546,0.3597
sym_mig_size	Round_3_Replicate_23	-1101.12	2216.24	3172.94	275.0	4.6414,0.8134,0.7723,0.1358,0.3732,1.5524,0.7032
sym_mig_size	Round_3_Replicate_24	-712.43	1438.86	948.33	441.56	2.1766,0.5253,0.2108,0.312,0.4015,0.4898,1.0036
sym_mig_size	Round_3_Replicate_25	-959.62	1933.24	2308.15	205.62	2.1851,0.6219,0.8603,0.1816,0.2235,2.6492,0.2223
sym_mig_size	Round_3_Replicate_26	-852.97	1719.94	1910.97	593.36	17.4832,0.4545,0.1316,0.0947,0.3379,0.5837,0.2632
sym_mig_size	Round_3_Replicate_27	-578.9	1171.8	701.23	178.8	8.7377,1.4839,0.5304,0.5687,0.0897,2.2846,0.4461
sym_mig_size	Round_3_Replicate_28	-1668.84	3351.68	8667.68	220.63	9.5472,0.296,0.1593,0.1243,0.0509,4.8495,0.3055
sym_mig_size	Round_3_Replicate_29	-692.28	1398.56	1160.94	275.35	5.1984,0.472,0.2352,0.1868,0.5148,3.4475,0.2436
sym_mig_size	Round_3_Replicate_30	-661.35	1336.7	1137.16	222.86	9.6555,1.1994,0.2091,0.1443,0.3645,2.8028,0.1597
sym_mig_size	Round_4_Replicate_1	-544.58	1103.16	712.65	171.69	10.376,3.6536,0.101,0.1459,0.1135,3.3121,0.0964
sym_mig_size	Round_4_Replicate_2	-593.44	1200.88	728.82	62.54	6.037,4.4594,0.3056,0.2814,0.0884,13.7607,0.1213
sym_mig_size	Round_4_Replicate_3	-533.6	1081.2	606.11	84.75	5.4872,4.4521,0.3213,0.339,0.0686,8.2091,0.1683
sym_mig_size	Round_4_Replicate_4	-525.31	1064.62	631.6	72.46	3.8427,5.9084,0.3056,0.2365,0.035,8.9639,0.0878
sym_mig_size	Round_4_Replicate_5	-564.87	1143.74	846.36	132.39	8.4576,7.1162,0.1726,0.1802,0.0581,4.2452,0.1334
sym_mig_size	Round_4_Replicate_6	-613.03	1240.06	1083.26	63.18	7.8696,8.1475,0.2833,0.135,0.0434,12.272,0.1201
sym_mig_size	Round_4_Replicate_7	-537.79	1089.58	611.64	139.63	3.9558,2.7576,0.1758,0.2372,0.1276,5.1743,0.137
sym_mig_size	Round_4_Replicate_8	-551.31	1116.62	801.11	104.57	17.7314,3.0351,0.1725,0.2304,0.0797,6.8682,0.1496
sym_mig_size	Round_4_Replicate_9	-552.65	1119.3	672.42	97.4	5.9724,5.9502,0.1448,0.1416,0.1194,7.9922,0.1041
sym_mig_size	Round_4_Replicate_10	-542.53	1099.06	658.49	91.23	14.0847,3.3831,0.2031,0.2719,0.1162,8.4581,0.1693
sym_mig_size	Round_4_Replicate_11	-519.3	1052.6	592.72	98.53	5.8702,2.4014,0.1706,0.2745,0.0839,7.6698,0.0995
sym_mig_size	Round_4_Replicate_12	-530.71	1075.42	598.52	67.67	7.1356,6.3733,0.2764,0.381,0.0479,10.3924,0.1727
sym_mig_size	Round_4_Replicate_13	-528.42	1070.84	583.45	90.81	3.7341,2.6714,0.3398,0.3519,0.0515,6.5511,0.0787
sym_mig_size	Round_4_Replicate_14	-504.73	1023.46	581.33	70.4	3.5057,3.0029,0.3599,0.337,0.0355,10.552,0.0644
sym_mig_size	Round_4_Replicate_15	-538.92	1091.84	735.73	114.49	6.8366,3.0087,0.2978,0.3747,0.0567,5.6935,0.2211
sym_mig_size	Round_4_Replicate_16	-552.6	1119.2	795.75	124.24	4.6506,5.2727,0.2914,0.2437,0.0547,4.8603,0.1798
sym_mig_size	Round_4_Replicate_17	-556.42	1126.84	754.88	106.56	10.8546,6.1065,0.1973,0.2346,0.0584,5.3694,0.1434
sym_mig_size	Round_4_Replicate_18	-529.54	1073.08	661.98	80.93	6.2347,2.7741,0.2382,0.3606,0.0656,10.8802,0.1524
sym_mig_size	Round_4_Replicate_19	-618.76	1251.52	864.91	66.17	6.6045,4.7016,0.3356,0.2097,0.0806,11.3216,0.1107
sym_mig_size	Round_4_Replicate_20	-577.43	1168.86	962.23	85.46	5.2481,7.3886,0.3115,0.164,0.0381,7.9769,0.1299
sym_mig_size	Round_4_Replicate_21	-552.67	1119.34	716.16	132.72	9.7347,6.7888,0.1131,0.1433,0.0974,4.3833,0.0977
sym_mig_size	Round_4_Replicate_22	-547.23	1108.46	743.14	92.97	10.0958,6.894,0.1607,0.2029,0.0573,7.0869,0.1298
sym_mig_size	Round_4_Replicate_23	-642.48	1298.96	1428.01	160.99	11.1473,2.7383,0.1858,0.1819,0.0414,3.7545,0.1564
sym_mig_size	Round_4_Replicate_24	-549.29	1112.58	699.22	105.87	4.8266,7.2215,0.1634,0.1436,0.0966,6.9405,0.113
sym_mig_size	Round_4_Replicate_25	-637.88	1289.76	1187.24	109.48	11.108,2.8098,0.2817,0.2113,0.0904,6.9469,0.2056
sym_mig_size	Round_4_Replicate_26	-585.22	1184.44	785.74	106.54	6.3371,6.3071,0.2822,0.1903,0.1361,6.1351,0.1605
sym_mig_size	Round_4_Replicate_27	-577.0	1168.0	907.82	124.96	11.5632,6.1204,0.2857,0.2221,0.0772,4.9633,0.2261
sym_mig_size	Round_4_Replicate_28	-573.75	1161.5	887.92	60.16	11.1859,8.1124,0.2073,0.1613,0.0467,13.0555,0.1251
sym_mig_size	Round_4_Replicate_29	-550.2	1114.4	716.8	143.86	6.0211,8.4387,0.1215,0.1185,0.1237,4.3138,0.1
sym_mig_size	Round_4_Replicate_30	-567.1	1148.2	796.69	132.57	6.8843,7.6292,0.1842,0.1303,0.1259,4.6422,0.1233
sym_mig_size	Round_4_Replicate_31	-574.6	1163.2	818.44	97.11	10.366,4.4491,0.306,0.2551,0.071,6.4511,0.1828
sym_mig_size	Round_4_Replicate_32	-562.56	1139.12	826.57	88.36	9.1091,8.8424,0.1875,0.1555,0.0548,7.3516,0.1192
sym_mig_size	Round_4_Replicate_33	-543.49	1100.98	739.63	130.05	8.5575,3.8757,0.1262,0.1854,0.0659,4.4825,0.0987
sym_mig_size	Round_4_Replicate_34	-556.77	1127.54	727.76	152.16	11.6322,7.84,0.1766,0.1997,0.092,3.4059,0.1532
sym_mig_size	Round_4_Replicate_35	-561.26	1136.52	786.78	168.06	8.8207,7.8171,0.2004,0.2146,0.0727,3.0126,0.1775
sym_mig_size	Round_4_Replicate_36	-545.56	1105.12	681.89	122.65	4.3502,2.5624,0.2463,0.2593,0.1182,6.4272,0.1658
sym_mig_size	Round_4_Replicate_37	-541.39	1096.78	641.65	72.89	5.6625,4.9776,0.2097,0.2381,0.0434,8.0932,0.0715
sym_mig_size	Round_4_Replicate_38	-571.8	1157.6	932.3	81.67	11.9015,4.3488,0.222,0.2419,0.0337,7.7312,0.1281
sym_mig_size	Round_4_Replicate_39	-548.97	1111.94	737.24	89.9	10.7812,5.0172,0.2432,0.3916,0.0385,6.3705,0.1726
sym_mig_size	Round_4_Replicate_40	-572.01	1158.02	929.79	151.17	5.0846,5.8619,0.1925,0.1703,0.0498,3.6288,0.1301
