Model	Replicate	log-likelihood	AIC	chi-squared	theta	optimized_params(nu1, nu2, m, T1, T2)
anc_sym_mig	Round_1_Replicate_1	-2529.37	5068.74	19896652.99	165.79	2.2871,0.2227,0.5995,0.6139,2.3473
anc_sym_mig	Round_1_Replicate_2	-846.23	1702.46	1317.51	329.4	0.3184,0.6907,0.3235,0.4899,0.1493
anc_sym_mig	Round_1_Replicate_3	-2504.24	5018.48	45543210.86	305.79	0.2448,0.4188,0.8802,5.2758,1.9962
anc_sym_mig	Round_1_Replicate_4	-891.04	1792.08	1668.57	332.02	0.8614,0.306,2.4089,0.3271,0.3598
anc_sym_mig	Round_1_Replicate_5	-945.58	1901.16	4673.08	157.81	1.5681,0.9329,1.4529,0.8637,1.7722
anc_sym_mig	Round_1_Replicate_6	-1660.64	3331.28	6619.61	189.74	3.0674,0.3277,2.0334,3.63,0.2411
anc_sym_mig	Round_1_Replicate_7	-1442.38	2894.76	5773.0	56.03	5.2976,4.9685,0.8845,0.9232,3.4844
anc_sym_mig	Round_1_Replicate_8	-1327.07	2664.14	4102.35	175.69	2.8329,0.357,3.0583,3.7519,0.8133
anc_sym_mig	Round_1_Replicate_9	-2074.03	4158.06	982739.63	136.68	2.7672,0.3892,6.1839,0.3883,3.1509
anc_sym_mig	Round_1_Replicate_10	-1824.5	3659.0	44330.79	182.79	0.2247,1.4793,0.275,2.7579,0.8435
anc_sym_mig	Round_2_Replicate_1	-1808.76	3627.52	16106.28	229.03	0.1444,1.4298,0.2743,1.2933,0.3409
anc_sym_mig	Round_2_Replicate_2	-1145.65	2301.3	3067.05	263.19	0.6551,0.9754,0.0982,0.2311,0.2464
anc_sym_mig	Round_2_Replicate_3	-693.57	1397.14	1006.34	432.66	0.4052,0.2536,0.1198,0.2758,0.0551
anc_sym_mig	Round_2_Replicate_4	-1709.65	3429.3	5411.09	302.2	0.1311,1.4803,0.5448,0.1546,0.0679
anc_sym_mig	Round_2_Replicate_5	-1030.68	2071.36	2297.99	285.03	0.9655,0.4225,0.8079,0.8249,0.1374
anc_sym_mig	Round_2_Replicate_6	-928.09	1866.18	1766.12	209.48	0.5401,1.2401,0.6259,1.119,0.5408
anc_sym_mig	Round_2_Replicate_7	-871.01	1752.02	1432.43	541.39	0.1341,0.3509,0.8638,1.4773,0.0619
anc_sym_mig	Round_2_Replicate_8	-1863.37	3736.74	10161.63	281.34	0.2182,1.7457,0.4614,0.1437,0.0684
anc_sym_mig	Round_2_Replicate_9	-1396.95	2803.9	10630.52	529.8	0.1571,0.176,0.2736,1.9318,0.1421
anc_sym_mig	Round_2_Replicate_10	-668.21	1346.42	843.89	531.75	0.1569,0.2226,0.4804,0.113,0.083
anc_sym_mig	Round_2_Replicate_11	-2165.42	4340.84	9500.04	212.5	0.1063,2.8103,0.1383,0.5147,0.0604
anc_sym_mig	Round_2_Replicate_12	-943.01	1896.02	1825.01	414.21	0.6218,0.1809,0.7577,0.1865,0.1077
anc_sym_mig	Round_2_Replicate_13	-698.7	1407.4	1141.38	378.25	0.495,0.3449,0.383,0.4239,0.1816
anc_sym_mig	Round_2_Replicate_14	-849.01	1708.02	1445.74	241.35	0.7859,0.8677,0.33,0.4708,0.4427
anc_sym_mig	Round_2_Replicate_15	-642.96	1295.92	882.98	513.41	0.27,0.2155,0.581,1.9678,0.0321
anc_sym_mig	Round_2_Replicate_16	-841.43	1692.86	1209.08	474.75	0.1628,0.3665,0.7943,0.2785,0.0523
anc_sym_mig	Round_2_Replicate_17	-1968.53	3947.06	11905.65	244.77	0.2902,2.5749,0.0828,0.2053,0.0484
anc_sym_mig	Round_2_Replicate_18	-1111.92	2233.84	3212.34	259.87	0.3112,1.1161,0.7255,0.4993,0.4984
anc_sym_mig	Round_2_Replicate_19	-1251.64	2513.28	3037.69	274.25	0.2324,1.1933,1.0198,0.4247,0.3306
anc_sym_mig	Round_2_Replicate_20	-958.71	1927.42	1905.71	246.42	1.0451,0.4938,0.4312,1.4766,0.0591
anc_sym_mig	Round_3_Replicate_1	-837.24	1684.48	1795.74	209.83	0.9704,0.2822,0.1936,6.4051,0.015
anc_sym_mig	Round_3_Replicate_2	-666.12	1342.24	959.41	293.36	0.6091,0.4271,0.3126,1.8352,0.1148
anc_sym_mig	Round_3_Replicate_3	-692.0	1394.0	1172.16	561.07	0.257,0.1688,0.3294,0.6274,0.0109
anc_sym_mig	Round_3_Replicate_4	-981.27	1972.54	1959.04	635.25	0.4052,0.139,2.1363,8.4777,0.0651
anc_sym_mig	Round_3_Replicate_5	-1189.76	2389.52	3302.94	300.76	0.9272,0.2693,0.9416,3.2309,0.0605
anc_sym_mig	Round_3_Replicate_6	-991.42	1992.84	1669.67	342.68	0.2571,0.7052,0.7568,0.5257,0.1129
anc_sym_mig	Round_3_Replicate_7	-703.39	1416.78	953.03	425.57	0.4174,0.2707,0.8509,2.7828,0.0869
anc_sym_mig	Round_3_Replicate_8	-655.93	1321.86	824.93	1123.8	0.1108,0.0951,2.1301,0.6738,0.0176
anc_sym_mig	Round_3_Replicate_9	-665.64	1341.28	890.5	328.43	0.3256,0.3993,0.3575,6.5699,0.0457
anc_sym_mig	Round_3_Replicate_10	-861.91	1733.82	1576.15	340.01	0.8199,0.2807,0.3728,0.5112,0.1358
anc_sym_mig	Round_3_Replicate_11	-743.07	1496.14	1290.02	250.06	0.8883,0.3788,0.2174,2.3449,0.0906
anc_sym_mig	Round_3_Replicate_12	-1361.84	2733.68	4615.54	391.66	0.835,0.1764,1.7011,0.7968,0.0639
anc_sym_mig	Round_3_Replicate_13	-963.1	1936.2	1562.01	304.61	0.2929,0.764,0.656,1.335,0.1123
anc_sym_mig	Round_3_Replicate_14	-663.42	1336.84	1029.5	769.78	0.1834,0.1256,0.8593,1.8675,0.023
anc_sym_mig	Round_3_Replicate_15	-845.84	1701.68	1730.22	281.01	0.764,0.2186,0.3172,4.8519,0.0152
anc_sym_mig	Round_3_Replicate_16	-764.63	1539.26	1063.79	880.17	0.1931,0.1366,1.7703,5.081,0.0214
anc_sym_mig	Round_3_Replicate_17	-809.37	1628.74	1345.38	484.8	0.4761,0.2168,1.9082,4.4031,0.168
anc_sym_mig	Round_3_Replicate_18	-1059.36	2128.72	2660.19	213.71	0.8839,0.6229,0.6065,4.4092,0.0721
anc_sym_mig	Round_3_Replicate_19	-631.13	1272.26	813.56	594.9	0.2101,0.1795,0.6151,0.4743,0.0117
anc_sym_mig	Round_3_Replicate_20	-683.21	1376.42	1117.15	438.35	0.3344,0.2646,0.2424,1.0146,0.0262
anc_sym_mig	Round_3_Replicate_21	-737.36	1484.72	1107.44	366.92	0.2865,0.4832,0.507,1.4827,0.1281
anc_sym_mig	Round_3_Replicate_22	-889.6	1789.2	2149.32	339.87	0.5366,0.1543,0.2987,6.0334,0.015
anc_sym_mig	Round_3_Replicate_23	-772.46	1554.92	994.43	491.35	0.2176,0.3528,0.962,6.0145,0.0559
anc_sym_mig	Round_3_Replicate_24	-886.56	1783.12	2027.48	792.09	0.1404,0.0899,0.5236,1.0241,0.0111
anc_sym_mig	Round_3_Replicate_25	-707.14	1424.28	1121.42	265.39	0.4359,0.4454,0.1601,3.615,0.0217
anc_sym_mig	Round_3_Replicate_26	-640.84	1291.68	864.18	1467.48	0.0913,0.0781,1.7713,3.639,0.0132
anc_sym_mig	Round_3_Replicate_27	-700.06	1410.12	827.96	327.15	0.4022,0.5693,0.229,0.9066,0.0295
anc_sym_mig	Round_3_Replicate_28	-1230.73	2471.46	3020.34	310.8	0.2619,0.8422,0.9874,0.9901,0.0886
anc_sym_mig	Round_3_Replicate_29	-1167.97	2345.94	3317.39	629.23	0.0987,0.1487,0.2739,1.5207,0.0109
anc_sym_mig	Round_3_Replicate_30	-1328.45	2666.9	3570.76	343.52	0.1932,0.7473,1.1098,6.0886,0.059
anc_sym_mig	Round_4_Replicate_1	-659.84	1329.68	805.73	495.65	0.2484,0.2254,0.3477,0.2251,0.0269
anc_sym_mig	Round_4_Replicate_2	-630.79	1271.58	888.88	552.66	0.257,0.1792,0.3995,0.4422,0.0102
anc_sym_mig	Round_4_Replicate_3	-638.26	1286.52	844.21	697.62	0.1526,0.139,0.9506,0.3546,0.0147
anc_sym_mig	Round_4_Replicate_4	-642.51	1295.02	877.93	581.06	0.2356,0.2073,1.0395,0.721,0.0766
anc_sym_mig	Round_4_Replicate_5	-640.24	1290.48	845.96	528.21	0.2651,0.2102,0.5055,0.8721,0.0131
anc_sym_mig	Round_4_Replicate_6	-636.56	1283.12	810.04	506.88	0.2767,0.2391,0.622,0.5833,0.0445
anc_sym_mig	Round_4_Replicate_7	-793.38	1596.76	1463.25	633.42	0.1526,0.1729,0.3587,0.7783,0.0104
anc_sym_mig	Round_4_Replicate_8	-647.42	1304.84	856.59	569.7	0.2098,0.2099,0.5552,0.8616,0.0161
anc_sym_mig	Round_4_Replicate_9	-611.24	1232.48	738.44	563.41	0.1981,0.1881,0.451,0.2766,0.014
anc_sym_mig	Round_4_Replicate_10	-644.11	1298.22	898.01	583.26	0.2405,0.1716,0.5755,0.6035,0.0121
anc_sym_mig	Round_4_Replicate_11	-632.64	1275.28	781.83	454.41	0.3215,0.2789,0.4093,0.7761,0.0242
anc_sym_mig	Round_4_Replicate_12	-642.37	1294.74	873.14	860.1	0.1441,0.1244,1.1789,0.9336,0.0215
anc_sym_mig	Round_4_Replicate_13	-639.5	1289.0	831.96	675.67	0.1674,0.1675,1.0912,0.4998,0.0368
anc_sym_mig	Round_4_Replicate_14	-635.9	1281.8	808.66	480.74	0.2906,0.2516,0.4408,0.9289,0.0171
anc_sym_mig	Round_4_Replicate_15	-640.93	1291.86	831.12	644.63	0.1909,0.1659,0.8357,0.5621,0.018
anc_sym_mig	Round_4_Replicate_16	-633.08	1276.16	845.55	719.29	0.1324,0.1188,1.1198,0.243,0.0157
anc_sym_mig	Round_4_Replicate_17	-644.92	1299.84	925.78	467.53	0.3373,0.2351,0.2863,0.7567,0.0122
anc_sym_mig	Round_4_Replicate_18	-623.31	1256.62	752.63	520.85	0.2469,0.2326,0.4515,0.4871,0.0135
anc_sym_mig	Round_4_Replicate_19	-613.39	1236.78	788.72	547.16	0.2314,0.1971,0.4052,0.3579,0.0161
anc_sym_mig	Round_4_Replicate_20	-628.17	1266.34	782.56	486.22	0.294,0.2486,0.4149,0.6591,0.0159
anc_sym_mig	Round_4_Replicate_21	-640.85	1291.7	770.32	613.41	0.1738,0.1763,0.9737,0.3101,0.0254
anc_sym_mig	Round_4_Replicate_22	-661.49	1332.98	862.69	522.63	0.2913,0.2182,0.978,0.5663,0.0667
anc_sym_mig	Round_4_Replicate_23	-639.98	1289.96	804.58	532.54	0.2538,0.2035,0.7115,0.3438,0.0385
anc_sym_mig	Round_4_Replicate_24	-640.9	1291.8	828.52	595.34	0.2043,0.1971,0.6794,0.7109,0.0213
anc_sym_mig	Round_4_Replicate_25	-627.13	1264.26	791.05	537.4	0.2194,0.2303,0.3983,0.4703,0.0132
anc_sym_mig	Round_4_Replicate_26	-630.52	1271.04	799.52	624.41	0.1846,0.1568,0.7652,0.3293,0.0119
anc_sym_mig	Round_4_Replicate_27	-619.76	1249.52	792.51	560.52	0.2215,0.1937,0.5444,0.3636,0.0238
anc_sym_mig	Round_4_Replicate_28	-624.93	1259.86	781.65	597.63	0.197,0.1755,0.6713,0.3606,0.0154
anc_sym_mig	Round_4_Replicate_29	-620.75	1251.5	789.7	510.85	0.2742,0.2244,0.3872,0.5144,0.0128
anc_sym_mig	Round_4_Replicate_30	-636.76	1283.52	929.69	570.02	0.2433,0.1578,0.451,0.3282,0.0161
anc_sym_mig	Round_4_Replicate_31	-646.54	1303.08	856.11	843.45	0.1412,0.1247,1.1501,0.8077,0.0146
anc_sym_mig	Round_4_Replicate_32	-610.5	1231.0	753.12	556.69	0.2146,0.1918,0.4344,0.3171,0.0132
anc_sym_mig	Round_4_Replicate_33	-653.9	1317.8	872.11	499.25	0.3146,0.2132,0.599,0.4337,0.0401
anc_sym_mig	Round_4_Replicate_34	-640.45	1290.9	869.22	675.02	0.1879,0.149,1.1306,0.4728,0.0354
anc_sym_mig	Round_4_Replicate_35	-627.96	1265.92	801.07	525.99	0.2598,0.2197,0.5134,0.535,0.0234
anc_sym_mig	Round_4_Replicate_36	-630.72	1271.44	747.45	502.98	0.2666,0.2451,0.468,0.5272,0.0127
anc_sym_mig	Round_4_Replicate_37	-626.73	1263.46	737.33	521.98	0.2399,0.2188,0.4644,0.3321,0.0145
anc_sym_mig	Round_4_Replicate_38	-612.75	1235.5	740.93	548.23	0.219,0.2002,0.4407,0.3269,0.0128
anc_sym_mig	Round_4_Replicate_39	-639.43	1288.86	851.94	670.14	0.1894,0.1724,1.0034,0.8258,0.0407
anc_sym_mig	Round_4_Replicate_40	-639.94	1289.88	807.93	561.83	0.2371,0.2084,0.7078,0.7731,0.0271
