Model	Replicate	log-likelihood	AIC	chi-squared	theta	optimized_params(nu1a, nu2a, nu1b, nu2b, m12, m21, T1, T2, T3)
sec_contact_asym_mig_size_three_epoch	Round_1_Replicate_1	-1066.95	2151.9	4769.57	58.13	0.1428,0.4732,5.7886,1.9821,0.6667,0.2392,1.9237,4.9143,4.1171
sec_contact_asym_mig_size_three_epoch	Round_1_Replicate_2	-1368.67	2755.34	4696.37	190.86	0.2628,0.6115,0.8738,1.723,2.5302,1.8798,0.8041,0.2658,0.4233
sec_contact_asym_mig_size_three_epoch	Round_1_Replicate_3	-1014.19	2046.38	5607.34	55.87	0.502,0.1593,3.6011,3.8675,0.5783,2.8792,4.8576,0.7111,5.5062
sec_contact_asym_mig_size_three_epoch	Round_1_Replicate_4	-1058.05	2134.1	7391.09	105.3	4.2826,0.9624,2.6032,1.4895,0.4298,0.1208,0.2767,0.8806,2.5895
sec_contact_asym_mig_size_three_epoch	Round_1_Replicate_5	-1233.44	2484.88	3292.74	116.23	0.6994,0.2394,3.5331,1.4793,4.458,0.2654,0.1243,0.9435,1.6432
sec_contact_asym_mig_size_three_epoch	Round_1_Replicate_6	-1522.52	3063.04	4619.06	124.79	3.5263,0.4683,4.8598,1.0172,3.9149,0.2569,1.0725,0.4612,1.1949
sec_contact_asym_mig_size_three_epoch	Round_1_Replicate_7	-3162.67	6343.34	7.41405241232e+18	166.79	0.4847,1.2227,0.1601,0.2539,4.9873,0.1471,0.1746,0.4772,7.0124
sec_contact_asym_mig_size_three_epoch	Round_1_Replicate_8	-1025.67	2069.34	3719.06	303.12	5.0376,0.3045,0.6948,0.2645,0.9738,0.1284,1.0089,0.578,0.2782
sec_contact_asym_mig_size_three_epoch	Round_1_Replicate_9	-2581.73	5181.46	13088509.28	158.34	5.0233,2.4523,0.2301,2.3864,2.4903,6.5473,1.0246,3.9116,2.3303
sec_contact_asym_mig_size_three_epoch	Round_1_Replicate_10	-1073.52	2165.04	4989.41	537.21	0.4119,0.1755,0.1851,0.1965,0.2647,1.0055,0.5476,0.3112,0.1905
sec_contact_asym_mig_size_three_epoch	Round_2_Replicate_1	-882.06	1782.12	3024.04	126.46	1.7079,0.5517,1.9747,0.9931,2.2381,1.3785,2.4112,0.6618,1.9135
sec_contact_asym_mig_size_three_epoch	Round_2_Replicate_2	-1230.96	2479.92	13327.55	45.64	0.2819,0.0886,2.8178,6.0434,0.8001,5.044,6.0205,0.2331,7.1275
sec_contact_asym_mig_size_three_epoch	Round_2_Replicate_3	-1402.28	2822.56	67042.94	115.77	0.3843,0.1749,1.2626,1.6072,1.0929,6.9679,1.7932,0.2726,4.2497
sec_contact_asym_mig_size_three_epoch	Round_2_Replicate_4	-1127.12	2272.24	14670.46	59.05	0.1727,0.0882,3.1579,3.4086,2.1132,0.994,1.5279,1.5149,6.4743
sec_contact_asym_mig_size_three_epoch	Round_2_Replicate_5	-3245.42	6508.84	599494.33	38.89	0.427,0.1585,6.1134,14.7185,0.9052,4.6353,10.1309,1.2161,1.648
sec_contact_asym_mig_size_three_epoch	Round_2_Replicate_6	-1066.1	2150.2	5001.09	67.95	0.7568,0.2974,1.7669,4.009,0.4186,4.0618,14.5595,2.0577,3.9642
sec_contact_asym_mig_size_three_epoch	Round_2_Replicate_7	-945.01	1908.02	2476.11	90.0	0.7945,0.2549,3.2299,1.8042,0.203,1.5286,1.9209,1.6391,2.3033
sec_contact_asym_mig_size_three_epoch	Round_2_Replicate_8	-2381.5	4781.0	19718864.97	44.89	0.4734,0.0488,3.3037,1.6093,1.0276,0.8538,14.5691,1.888,14.3283
sec_contact_asym_mig_size_three_epoch	Round_2_Replicate_9	-1045.97	2109.94	2013.95	39.43	0.3392,0.0606,10.9738,2.9846,1.4011,9.1738,19.5587,0.2627,4.1578
sec_contact_asym_mig_size_three_epoch	Round_2_Replicate_10	-794.58	1607.16	1568.33	61.03	0.2003,0.0435,1.4332,1.9817,1.1998,0.9634,16.3522,0.2994,1.9289
sec_contact_asym_mig_size_three_epoch	Round_2_Replicate_11	-2125.94	4269.88	52520.55	71.14	0.1851,0.0653,5.2394,4.1204,1.188,7.1912,5.2889,0.4636,1.5574
sec_contact_asym_mig_size_three_epoch	Round_2_Replicate_12	-2522.57	5063.14	55849.96	36.19	0.6813,0.5332,6.677,16.1142,0.2678,11.9238,1.7183,1.4474,3.3667
sec_contact_asym_mig_size_three_epoch	Round_2_Replicate_13	-1402.34	2822.68	71646.0	30.43	0.7626,0.0548,5.2125,6.8164,0.3355,1.5587,4.7072,0.2162,14.486
sec_contact_asym_mig_size_three_epoch	Round_2_Replicate_14	-2102.77	4223.54	47546.58	77.09	0.314,0.221,5.5276,3.2311,0.1414,11.6179,7.261,1.9127,1.4072
sec_contact_asym_mig_size_three_epoch	Round_2_Replicate_15	-1185.93	2389.86	9228.85	23.03	1.1496,0.2448,10.4407,9.8828,1.0619,1.6971,1.4338,2.2011,13.7934
sec_contact_asym_mig_size_three_epoch	Round_2_Replicate_16	-1093.95	2205.9	3540.01	30.69	1.8843,0.1005,4.2853,10.1401,0.3166,2.0417,12.7169,2.2881,7.5215
sec_contact_asym_mig_size_three_epoch	Round_2_Replicate_17	-1094.09	2206.18	3351.51	71.19	0.2139,0.2855,4.969,2.4217,0.2303,0.9798,1.9732,1.1208,2.9883
sec_contact_asym_mig_size_three_epoch	Round_2_Replicate_18	-2040.19	4098.38	4962982.03	82.74	0.1382,0.0577,0.9839,2.6037,0.3258,9.2043,5.1335,0.1873,6.9502
sec_contact_asym_mig_size_three_epoch	Round_2_Replicate_19	-2700.89	5419.78	25515981.02	31.99	1.21,0.2667,14.8524,1.0004,1.6035,6.512,8.0209,1.452,11.981
sec_contact_asym_mig_size_three_epoch	Round_2_Replicate_20	-1015.37	2048.74	2391.86	100.14	1.1748,0.2283,3.8047,1.3221,0.3976,1.4096,1.5168,0.7594,1.8264
sec_contact_asym_mig_size_three_epoch	Round_3_Replicate_1	-2854.59	5727.18	1661847.82	67.95	0.5103,0.0157,0.383,1.4708,0.4923,1.1147,16.756,0.1915,2.9723
sec_contact_asym_mig_size_three_epoch	Round_3_Replicate_2	-1864.4	3746.8	95645.4	49.44	0.0775,0.0661,2.7726,1.8536,0.4701,0.2647,15.2665,0.0962,4.3728
sec_contact_asym_mig_size_three_epoch	Round_3_Replicate_3	-1684.33	3386.66	5435.11	55.54	0.1468,0.069,0.5688,3.9709,1.0078,1.7691,17.9705,0.6071,0.8943
sec_contact_asym_mig_size_three_epoch	Round_3_Replicate_4	-1945.3	3908.6	284020.24	100.22	0.1155,0.013,2.3009,0.6457,0.9191,0.2465,5.2211,0.1083,2.8901
sec_contact_asym_mig_size_three_epoch	Round_3_Replicate_5	-1320.56	2659.12	3006.92	72.03	0.4767,0.0301,0.859,4.0428,1.0501,1.4318,9.5424,0.6306,1.0834
sec_contact_asym_mig_size_three_epoch	Round_3_Replicate_6	-2293.69	4605.38	496020.68	55.24	0.156,0.1091,0.669,6.3514,0.4204,0.9032,7.1375,0.1307,4.2202
sec_contact_asym_mig_size_three_epoch	Round_3_Replicate_7	-988.87	1995.74	2262.78	73.96	0.0681,0.0535,1.2051,3.3855,1.6025,1.3738,9.1541,0.1145,1.6668
sec_contact_asym_mig_size_three_epoch	Round_3_Replicate_8	-981.77	1981.54	1865.92	37.74	0.0913,0.0558,2.2308,6.359,3.5958,0.5023,28.0679,0.1916,1.2359
sec_contact_asym_mig_size_three_epoch	Round_3_Replicate_9	-1260.85	2539.7	3176.09	61.09	0.1302,0.0132,4.1943,3.1654,1.7566,3.6276,13.2434,0.0738,1.0292
sec_contact_asym_mig_size_three_epoch	Round_3_Replicate_10	-782.57	1583.14	1949.34	62.05	0.1016,0.0271,2.4211,3.1522,3.4142,0.5191,14.9197,0.4949,3.3275
sec_contact_asym_mig_size_three_epoch	Round_3_Replicate_11	-1231.92	2481.84	3559.16	92.34	0.0593,0.0169,1.5618,2.6122,4.6604,0.3229,9.4661,0.1105,0.5159
sec_contact_asym_mig_size_three_epoch	Round_3_Replicate_12	-936.53	1891.06	4587.21	72.89	0.1253,0.0221,2.6465,1.7396,2.4042,1.625,7.8866,0.2225,3.8313
sec_contact_asym_mig_size_three_epoch	Round_3_Replicate_13	-2224.22	4466.44	987190.24	85.41	0.1432,0.0212,0.5861,2.2923,1.7115,1.6482,6.3119,0.0892,4.1715
sec_contact_asym_mig_size_three_epoch	Round_3_Replicate_14	-936.74	1891.48	1397.06	38.42	0.6641,0.1075,2.7931,3.8145,1.4331,0.5756,26.3368,0.5248,1.3053
sec_contact_asym_mig_size_three_epoch	Round_3_Replicate_15	-2246.04	4510.08	217355.05	68.81	0.0453,0.0766,0.6906,1.5327,0.592,2.3427,17.9705,0.2152,3.906
sec_contact_asym_mig_size_three_epoch	Round_3_Replicate_16	-2661.01	5340.02	24751.46	34.32	0.3919,0.0133,4.1104,6.4563,0.4879,0.6549,28.0679,0.879,0.5596
sec_contact_asym_mig_size_three_epoch	Round_3_Replicate_17	-848.1	1714.2	1388.95	32.97	0.063,0.0143,3.3504,6.3152,1.3327,0.376,28.0679,0.2919,1.9588
sec_contact_asym_mig_size_three_epoch	Round_3_Replicate_18	-1747.15	3512.3	7719.58	46.0	0.496,0.0669,0.7667,5.0776,0.4526,1.2689,20.3755,0.1115,1.6775
sec_contact_asym_mig_size_three_epoch	Round_3_Replicate_19	-2271.33	4560.66	162699763.38	44.75	0.5648,0.12,0.4238,6.7173,0.6011,0.2547,5.174,0.1091,8.3886
sec_contact_asym_mig_size_three_epoch	Round_3_Replicate_20	-2088.02	4194.04	13065.09	53.65	0.6537,0.0122,0.5527,5.5796,2.007,3.7315,23.7111,1.1348,0.4894
