Model	Replicate	log-likelihood	AIC	chi-squared	theta	optimized_params(nu1a, nu2a, nu1b, nu2b, m12, m21, T1, T2)
anc_asym_mig_size	Round_1_Replicate_1	-944.7	1905.4	3575.57	410.95	4.3595,0.9249,0.1758,0.3612,3.2821,0.2463,6.7041,0.4219
anc_asym_mig_size	Round_1_Replicate_2	-929.0	1874.0	2953.33	220.99	0.1556,6.2098,0.4528,0.5557,0.8566,0.2538,2.0588,0.4624
anc_asym_mig_size	Round_1_Replicate_3	-1031.42	2078.84	6146.48	161.14	0.1547,7.3757,1.268,0.671,0.4104,0.4046,6.6811,1.0144
anc_asym_mig_size	Round_1_Replicate_4	-1326.23	2668.46	3338.49	233.9	1.0128,2.5495,0.345,1.5884,7.61,0.1893,0.2208,0.3318
anc_asym_mig_size	Round_1_Replicate_5	-1155.68	2327.36	3302.85	423.89	0.2369,4.9237,0.1636,0.3517,0.214,1.6901,2.2392,0.1771
anc_asym_mig_size	Round_1_Replicate_6	-1513.75	3043.5	20454.82	106.92	0.4473,1.1476,4.7262,0.8106,1.9992,0.9669,0.1642,2.8539
anc_asym_mig_size	Round_1_Replicate_7	-2797.26	5610.52	1727709.03	153.86	3.3098,0.3567,5.0469,0.1585,0.4502,1.7114,0.1226,1.4872
anc_asym_mig_size	Round_1_Replicate_8	-1346.56	2709.12	4415.38	62.75	0.7779,0.5251,5.3482,4.3647,0.4783,1.6558,6.8882,3.2233
anc_asym_mig_size	Round_1_Replicate_9	-1462.51	2941.02	4180.32	100.53	0.2524,1.2026,1.4908,4.584,6.5998,2.5862,5.2365,1.3923
anc_asym_mig_size	Round_1_Replicate_10	-751.99	1519.98	1766.29	380.81	0.2407,0.9132,0.5584,0.3037,2.9547,2.5788,2.0665,0.4663
anc_asym_mig_size	Round_2_Replicate_1	-1060.01	2136.02	7273.76	468.0	0.0976,0.9041,0.6384,0.2908,2.5345,4.2628,1.7814,0.5984
anc_asym_mig_size	Round_2_Replicate_2	-1066.1	2148.2	3186.9	248.48	0.3084,1.0287,1.8503,0.3543,1.9215,1.5133,0.5314,0.72
anc_asym_mig_size	Round_2_Replicate_3	-1513.24	3042.48	7785.06	361.28	0.3593,0.7236,1.2043,0.0989,3.3311,2.6031,1.455,0.3481
anc_asym_mig_size	Round_2_Replicate_4	-1808.62	3633.24	448521.05	524.75	0.2262,0.5448,0.1939,0.315,2.666,9.2639,2.0296,1.0504
anc_asym_mig_size	Round_2_Replicate_5	-1894.89	3805.78	153107.86	404.64	0.618,0.8893,0.1901,0.3218,5.956,5.6573,1.1977,1.0084
anc_asym_mig_size	Round_2_Replicate_6	-1123.21	2262.42	4569.57	248.28	0.2616,2.4817,1.1738,0.2303,6.5772,1.4465,1.6659,0.6608
anc_asym_mig_size	Round_2_Replicate_7	-2248.7	4513.4	492372.37	638.9	0.81,0.6142,0.1563,0.1078,10.9435,3.2752,2.4184,0.6427
anc_asym_mig_size	Round_2_Replicate_8	-2858.19	5732.38	178544577.75	400.23	0.5548,0.4211,0.2955,0.1364,1.5717,1.2269,3.7072,1.4665
anc_asym_mig_size	Round_2_Replicate_9	-1633.73	3283.46	6916.17	715.96	0.0578,2.106,0.2487,0.5507,0.757,10.4319,5.4433,0.2067
anc_asym_mig_size	Round_2_Replicate_10	-2044.37	4104.74	182766.08	228.7	0.7371,2.9138,0.1948,0.7147,2.5714,1.1351,2.6698,1.2983
anc_asym_mig_size	Round_2_Replicate_11	-2449.89	4915.78	10186022.58	332.89	0.7787,0.7517,0.3409,0.2223,2.1683,5.184,3.3513,1.7194
anc_asym_mig_size	Round_2_Replicate_12	-1026.17	2068.34	7527.17	356.21	0.0932,0.3559,0.4577,0.5764,5.4093,2.4911,0.812,0.857
anc_asym_mig_size	Round_2_Replicate_13	-2101.03	4218.06	348019.36	222.48	0.7578,0.4829,1.7949,0.1856,2.5294,1.0607,4.6154,1.3908
anc_asym_mig_size	Round_2_Replicate_14	-1061.83	2139.66	3039.98	306.49	0.1432,2.2199,0.6394,0.8243,2.2656,5.5493,0.6854,0.6612
anc_asym_mig_size	Round_2_Replicate_15	-1571.65	3159.3	6911.44	328.15	0.6678,0.2502,0.8455,1.2089,3.7949,0.6829,5.0201,0.2685
anc_asym_mig_size	Round_2_Replicate_16	-980.85	1977.7	1923.82	292.75	0.5158,0.6187,1.0598,0.44,1.0037,1.9616,1.8753,0.2275
anc_asym_mig_size	Round_2_Replicate_17	-2041.38	4098.76	8256342.75	408.8	0.0593,1.3373,0.3277,0.3174,2.861,5.41,1.0715,1.6688
anc_asym_mig_size	Round_2_Replicate_18	-1259.91	2535.82	22966.82	680.03	0.0768,1.0317,0.3616,0.1659,1.7143,3.5557,2.2073,0.4836
anc_asym_mig_size	Round_2_Replicate_19	-1194.51	2405.02	3714.1	297.92	0.5403,2.7233,0.8716,0.7202,1.2872,9.3605,7.2565,0.4218
anc_asym_mig_size	Round_2_Replicate_20	-1773.3	3562.6	5587.67	486.22	0.0681,0.9852,0.1481,1.1512,3.9599,8.9599,0.5745,0.1913
anc_asym_mig_size	Round_3_Replicate_1	-1017.28	2050.56	2195.24	617.33	0.2109,0.2903,0.8226,0.1537,1.1962,6.1855,1.0404,0.2296
anc_asym_mig_size	Round_3_Replicate_2	-743.95	1503.9	1062.74	325.83	0.8155,0.6549,0.2046,0.4477,2.5128,3.1812,3.21,0.2655
anc_asym_mig_size	Round_3_Replicate_3	-757.34	1530.68	2089.92	319.41	0.4349,2.3807,0.5756,0.327,0.8551,1.0664,1.0635,0.4989
anc_asym_mig_size	Round_3_Replicate_4	-2507.31	5030.62	115166.79	260.34	0.4157,0.5625,1.9315,0.9715,5.0394,5.6497,0.7813,0.1998
anc_asym_mig_size	Round_3_Replicate_5	-1568.34	3152.68	66807.41	330.62	0.2533,0.2547,0.9906,0.2376,6.5205,1.4707,0.7187,1.1664
anc_asym_mig_size	Round_3_Replicate_6	-893.03	1802.06	1424.01	293.23	0.1073,1.0775,1.7701,0.36,2.5957,0.9646,3.3482,0.3326
anc_asym_mig_size	Round_3_Replicate_7	-792.03	1600.06	1920.21	440.16	0.1044,1.3725,0.2384,0.1595,1.9698,0.7613,5.0311,0.2088
anc_asym_mig_size	Round_3_Replicate_8	-1793.09	3602.18	18218.12	362.23	0.2797,0.4037,1.194,0.5828,7.3094,4.1435,3.7529,0.1854
anc_asym_mig_size	Round_3_Replicate_9	-1100.04	2216.08	4838.39	261.92	0.6862,3.1407,0.9661,0.2125,1.3211,0.8735,1.4679,0.5923
anc_asym_mig_size	Round_3_Replicate_10	-678.47	1372.94	896.44	512.03	0.2266,0.386,0.229,0.3031,2.8808,0.9178,0.8144,0.1608
anc_asym_mig_size	Round_3_Replicate_11	-628.32	1272.64	918.3	586.34	0.607,0.4112,0.1601,0.1855,11.0561,5.4897,0.7533,0.1888
anc_asym_mig_size	Round_3_Replicate_12	-833.88	1683.76	2472.14	689.16	0.1378,0.7369,0.2209,0.2727,6.4496,10.0914,1.6278,0.3266
anc_asym_mig_size	Round_3_Replicate_13	-726.59	1469.18	1437.96	686.16	0.3239,2.8105,0.2532,0.1979,0.7408,6.1541,7.8439,0.2319
anc_asym_mig_size	Round_3_Replicate_14	-1692.75	3401.5	42931.38	399.67	0.254,3.1144,0.6078,0.1158,5.7782,5.2753,5.4284,0.6397
anc_asym_mig_size	Round_3_Replicate_15	-2276.17	4568.34	1972261.01	378.56	0.6885,0.6754,0.26,0.2351,2.2297,0.7907,2.2602,1.3415
anc_asym_mig_size	Round_3_Replicate_16	-2155.8	4327.6	365926.14	552.71	0.2057,0.7239,0.2082,0.1216,2.6444,0.9239,5.6723,0.6986
anc_asym_mig_size	Round_3_Replicate_17	-1864.37	3744.74	35805.11	287.73	0.3724,0.7503,1.5527,0.128,9.7056,6.1596,1.238,0.7102
anc_asym_mig_size	Round_3_Replicate_18	-789.75	1595.5	1325.66	459.04	0.887,0.3442,0.3669,0.168,7.7483,6.6031,0.5358,0.1813
anc_asym_mig_size	Round_3_Replicate_19	-1014.15	2044.3	2396.42	544.18	0.5485,0.432,0.4194,0.2519,11.0493,1.4622,7.7586,0.1685
anc_asym_mig_size	Round_3_Replicate_20	-940.41	1896.82	1525.0	418.43	0.1788,0.8605,1.6404,0.1734,2.3056,2.2205,4.9264,0.1825
anc_asym_mig_size	Round_3_Replicate_21	-1096.84	2209.68	2303.53	391.86	0.0723,0.4398,1.5672,0.3107,6.5668,0.7606,5.3406,0.3857
anc_asym_mig_size	Round_3_Replicate_22	-1398.39	2812.78	3280.51	316.78	0.3359,0.8238,0.1468,1.1585,1.4038,2.5957,7.3628,0.1789
anc_asym_mig_size	Round_3_Replicate_23	-1141.81	2299.62	3303.03	149.75	0.9309,1.3467,1.9117,0.9557,0.8611,1.228,5.6784,0.4174
anc_asym_mig_size	Round_3_Replicate_24	-1306.18	2628.36	4753.03	268.85	0.6908,0.8537,0.1984,1.164,8.1313,2.063,0.9233,0.5591
anc_asym_mig_size	Round_3_Replicate_25	-873.53	1763.06	1464.19	609.22	0.0713,0.4261,0.2372,0.358,7.0867,2.8008,3.8994,0.2008
anc_asym_mig_size	Round_3_Replicate_26	-763.71	1543.42	1227.08	266.86	0.4967,0.6177,0.5925,0.7292,2.7342,1.4247,5.2178,0.5549
anc_asym_mig_size	Round_3_Replicate_27	-784.99	1585.98	1480.99	339.84	0.4745,2.3396,0.7004,0.1819,2.0161,2.4586,1.2187,0.267
anc_asym_mig_size	Round_3_Replicate_28	-1265.05	2546.1	18700.42	253.55	0.6491,3.1641,0.5299,0.4844,8.6417,12.9598,5.3245,1.4291
anc_asym_mig_size	Round_3_Replicate_29	-1315.45	2646.9	3347.79	333.59	0.0911,0.321,1.3361,0.6906,5.9314,6.0638,0.5186,0.4009
anc_asym_mig_size	Round_3_Replicate_30	-1175.96	2367.92	2905.26	268.52	0.7784,0.3444,0.8414,1.1217,3.6107,0.9271,2.1167,0.4596
anc_asym_mig_size	Round_4_Replicate_1	-613.22	1242.44	866.83	550.62	0.2993,0.7531,0.1766,0.151,8.9492,4.3836,0.3889,0.1641
anc_asym_mig_size	Round_4_Replicate_2	-634.4	1284.8	886.11	497.99	0.5652,0.3792,0.2279,0.2298,7.1358,10.2542,0.6422,0.2329
anc_asym_mig_size	Round_4_Replicate_3	-614.8	1245.6	905.23	637.21	0.346,0.5406,0.1515,0.1328,11.6004,3.6113,1.1863,0.1493
anc_asym_mig_size	Round_4_Replicate_4	-610.68	1237.36	867.06	500.82	0.9114,0.7888,0.1607,0.1745,7.7831,3.3659,0.548,0.1777
anc_asym_mig_size	Round_4_Replicate_5	-645.03	1306.06	821.1	618.0	0.4174,0.3503,0.1681,0.1629,8.5679,6.6757,1.3459,0.1381
anc_asym_mig_size	Round_4_Replicate_6	-610.77	1237.54	835.22	609.49	0.4178,0.4685,0.1414,0.1346,13.0925,6.6683,0.4151,0.1402
anc_asym_mig_size	Round_4_Replicate_7	-718.65	1453.3	1039.06	599.26	0.8239,0.3826,0.1227,0.2463,13.5095,5.7031,1.2519,0.1716
anc_asym_mig_size	Round_4_Replicate_8	-660.39	1336.78	979.44	533.83	0.6661,0.2211,0.2429,0.2607,8.5599,8.3842,0.7861,0.255
anc_asym_mig_size	Round_4_Replicate_9	-700.95	1417.9	1272.17	669.01	0.7661,0.2207,0.2227,0.1323,9.3202,4.4173,0.5169,0.1769
anc_asym_mig_size	Round_4_Replicate_10	-671.28	1358.56	896.65	466.18	1.0897,0.5874,0.1397,0.2588,5.904,2.4362,1.2346,0.1747
anc_asym_mig_size	Round_4_Replicate_11	-777.68	1571.36	1060.12	597.97	0.5109,0.4349,0.1126,0.2518,18.0813,5.3942,1.0094,0.1326
anc_asym_mig_size	Round_4_Replicate_12	-671.48	1358.96	981.2	524.48	0.43,0.2628,0.2567,0.2767,6.9454,7.9052,0.8721,0.2622
anc_asym_mig_size	Round_4_Replicate_13	-611.56	1239.12	822.11	544.9	0.6207,0.4659,0.1518,0.1613,6.5992,5.9347,0.6168,0.1555
anc_asym_mig_size	Round_4_Replicate_14	-740.78	1497.56	1043.77	482.55	0.6066,0.3666,0.1482,0.312,6.6016,8.2394,1.3163,0.1961
anc_asym_mig_size	Round_4_Replicate_15	-608.98	1233.96	856.75	545.11	0.9281,0.5855,0.1579,0.1494,11.979,4.4931,1.4935,0.1595
anc_asym_mig_size	Round_4_Replicate_16	-611.8	1239.6	823.56	601.19	0.3753,0.4723,0.146,0.1286,6.2769,6.785,0.3875,0.1301
anc_asym_mig_size	Round_4_Replicate_17	-784.85	1585.7	2187.58	610.68	1.0812,0.303,0.1567,0.1993,8.8397,6.4042,1.2333,0.2868
anc_asym_mig_size	Round_4_Replicate_18	-620.47	1256.94	795.36	595.33	1.0597,0.3349,0.1311,0.1608,13.8372,8.2015,0.3687,0.1417
anc_asym_mig_size	Round_4_Replicate_19	-617.96	1251.92	828.62	673.61	0.4227,0.3772,0.1152,0.1317,10.1965,11.2638,1.417,0.1273
anc_asym_mig_size	Round_4_Replicate_20	-631.18	1278.36	814.57	652.6	1.0425,0.2463,0.1188,0.164,12.288,10.1736,1.0279,0.135
anc_asym_mig_size	Round_4_Replicate_21	-606.08	1228.16	859.6	571.69	0.3884,0.755,0.1245,0.1132,9.7418,5.6089,0.9809,0.124
anc_asym_mig_size	Round_4_Replicate_22	-680.73	1377.46	944.26	472.69	1.189,0.241,0.2217,0.3372,6.9805,6.2214,0.6528,0.2518
anc_asym_mig_size	Round_4_Replicate_23	-666.2	1348.4	1058.55	791.92	0.7777,0.3044,0.1151,0.1694,16.7367,3.9735,0.6919,0.1603
anc_asym_mig_size	Round_4_Replicate_24	-731.74	1479.48	1156.58	639.66	0.5189,0.2952,0.2606,0.2569,12.9927,3.1788,1.2262,0.2409
anc_asym_mig_size	Round_4_Replicate_25	-629.67	1275.34	941.49	641.35	0.6112,0.4477,0.1818,0.1614,16.8714,4.5682,1.0685,0.184
anc_asym_mig_size	Round_4_Replicate_26	-722.48	1460.96	948.29	487.03	1.1807,0.5445,0.1481,0.2911,12.6421,3.6325,0.3713,0.1762
anc_asym_mig_size	Round_4_Replicate_27	-650.18	1316.36	1147.66	536.2	0.5512,0.8104,0.1998,0.1272,10.9357,3.4729,0.5065,0.179
anc_asym_mig_size	Round_4_Replicate_28	-787.93	1591.86	2319.35	1008.22	0.2941,0.1862,0.1845,0.1476,23.7468,5.9296,1.1905,0.2323
anc_asym_mig_size	Round_4_Replicate_29	-697.1	1410.2	947.21	623.46	0.493,0.274,0.1718,0.2582,16.9874,6.3883,0.5684,0.1956
anc_asym_mig_size	Round_4_Replicate_30	-619.79	1255.58	887.52	617.77	0.9517,0.4489,0.123,0.1465,15.7723,7.645,1.3757,0.1503
anc_asym_mig_size	Round_4_Replicate_31	-623.04	1262.08	856.65	508.73	0.3586,0.7944,0.193,0.1943,7.4494,5.4221,0.4962,0.195
anc_asym_mig_size	Round_4_Replicate_32	-743.08	1502.16	1375.94	581.93	0.47,0.2224,0.2398,0.3225,20.2428,7.018,0.5199,0.3196
anc_asym_mig_size	Round_4_Replicate_33	-759.47	1534.94	2056.0	735.58	0.6965,0.307,0.1894,0.131,18.8673,6.4896,0.6542,0.245
anc_asym_mig_size	Round_4_Replicate_34	-826.25	1668.5	1475.86	594.44	0.4003,0.2708,0.1229,0.3246,6.1073,5.9148,1.4851,0.2028
anc_asym_mig_size	Round_4_Replicate_35	-658.01	1332.02	1100.96	537.05	0.6567,0.2425,0.2658,0.2001,6.9741,9.2645,1.3616,0.2518
anc_asym_mig_size	Round_4_Replicate_36	-671.09	1358.18	1016.06	565.46	0.7081,0.2302,0.2066,0.2767,6.4157,3.8337,0.75,0.2311
anc_asym_mig_size	Round_4_Replicate_37	-627.06	1270.12	947.09	593.77	0.6839,0.4235,0.1757,0.183,9.5198,3.5245,0.9286,0.1944
anc_asym_mig_size	Round_4_Replicate_38	-606.37	1228.74	804.08	585.03	0.9674,0.5662,0.1091,0.1326,8.1356,2.7198,1.3911,0.1196
anc_asym_mig_size	Round_4_Replicate_39	-608.4	1232.8	862.93	535.04	1.1702,0.7383,0.1598,0.1508,17.4384,5.4332,0.5338,0.1656
anc_asym_mig_size	Round_4_Replicate_40	-617.17	1250.34	939.21	634.02	1.0531,0.2902,0.1471,0.1444,9.5926,6.191,0.6168,0.1596
