Model	Replicate	log-likelihood	AIC	chi-squared	theta	optimized_params(nu1a, nu2a, nu1b, nu2b, m12, m21, T1, T2)
asym_mig_size	Round_1_Replicate_1	-867.52	1751.04	1401.64	196.0	4.0461,2.4114,0.3512,0.9924,0.1317,0.1342,1.6324,1.439
asym_mig_size	Round_1_Replicate_2	-2090.07	4196.14	26682.4	155.13	0.1403,1.9508,1.8664,2.0086,0.3008,0.3347,0.9749,0.6178
asym_mig_size	Round_1_Replicate_3	-3501.99	7019.98	581161.24	133.79	0.7329,7.337,0.5327,5.1286,1.5042,0.3749,0.612,0.1914
asym_mig_size	Round_1_Replicate_4	-1594.1	3204.2	12395.16	432.13	1.0877,3.82,0.2016,0.2168,3.0537,1.8597,0.3782,0.2043
asym_mig_size	Round_1_Replicate_5	-1604.47	3224.94	5863.32	234.72	2.5409,0.9316,0.1733,0.8411,0.7353,0.7435,3.2687,0.7843
asym_mig_size	Round_1_Replicate_6	-1874.16	3764.32	11398.58	362.76	0.5204,0.4753,0.1723,0.7742,0.1688,1.1637,1.7247,2.1334
asym_mig_size	Round_1_Replicate_7	-7421.85	14859.7	15264705832.5	105.34	2.2666,7.5126,4.7928,1.8328,0.4,2.9798,0.4198,1.3178
asym_mig_size	Round_1_Replicate_8	-3815.06	7646.12	2355972.89	251.32	0.2563,0.3473,1.6023,0.1906,2.1781,5.9144,0.6643,3.4817
asym_mig_size	Round_1_Replicate_9	-7682.29	15380.58	9201763111.22	342.09	3.0362,0.1642,1.6031,1.9266,5.832,0.1376,1.8866,0.2865
asym_mig_size	Round_1_Replicate_10	-8012.91	16041.82	31949280262.1	143.6	0.7908,5.6767,2.6023,3.1023,4.3028,0.1789,0.1651,0.7073
asym_mig_size	Round_2_Replicate_1	-1010.33	2036.66	1817.18	318.6	1.1535,0.6534,0.1685,0.5973,0.4861,0.4064,3.207,2.6999
asym_mig_size	Round_2_Replicate_2	-1097.65	2211.3	2185.38	154.38	13.3458,6.6123,0.2787,1.4089,0.3247,0.1619,2.4099,1.4858
asym_mig_size	Round_2_Replicate_3	-1613.49	3242.98	13075.7	197.88	2.1321,1.1162,0.6161,1.3779,0.4321,0.4378,0.7279,0.5238
asym_mig_size	Round_2_Replicate_4	-667.78	1351.56	845.4	157.58	1.8942,1.2491,0.7988,0.8422,0.2838,0.066,5.1137,5.2553
asym_mig_size	Round_2_Replicate_5	-720.85	1457.7	913.92	197.44	1.5562,0.7312,0.6872,0.9367,0.0551,0.1314,0.5062,1.9941
asym_mig_size	Round_2_Replicate_6	-842.04	1700.08	1155.5	103.0	1.5142,2.2361,0.7784,2.2534,0.1632,0.0714,4.1997,2.4742
asym_mig_size	Round_2_Replicate_7	-1081.75	2179.5	2108.75	144.56	7.065,5.1603,0.6159,2.0615,0.0872,0.1165,0.9776,0.9047
asym_mig_size	Round_2_Replicate_8	-1148.07	2312.14	2468.08	100.25	7.9106,1.3364,0.372,2.9055,0.0979,0.0619,5.548,1.5836
asym_mig_size	Round_2_Replicate_9	-773.67	1563.34	1031.32	263.08	11.8379,1.0674,0.297,0.447,0.3889,0.4932,1.7944,0.5586
asym_mig_size	Round_2_Replicate_10	-1596.3	3208.6	4964.29	91.61	7.0332,0.7549,0.1943,4.0561,0.4079,0.0589,0.7384,5.8204
asym_mig_size	Round_2_Replicate_11	-921.71	1859.42	2142.04	220.01	2.5312,3.7027,0.9115,0.3002,0.1998,0.0588,0.4729,3.6378
asym_mig_size	Round_2_Replicate_12	-680.94	1377.88	952.69	327.74	6.8955,7.6561,0.2815,0.4916,0.3019,0.0648,0.4544,1.151
asym_mig_size	Round_2_Replicate_13	-862.98	1741.96	1281.86	178.81	9.4473,3.7059,0.7743,1.4072,0.0514,0.0352,0.4879,0.9533
asym_mig_size	Round_2_Replicate_14	-672.39	1360.78	859.45	237.91	2.8658,1.4607,0.6097,0.7418,0.0633,0.04,0.617,0.6989
asym_mig_size	Round_2_Replicate_15	-1882.31	3780.62	8624.9	125.3	3.0642,0.7205,0.1601,2.4647,0.0316,0.0932,1.3242,3.4347
asym_mig_size	Round_2_Replicate_16	-879.21	1774.42	1205.54	109.29	4.9148,1.7095,0.9016,2.6142,0.121,0.0568,1.6479,2.2867
asym_mig_size	Round_2_Replicate_17	-644.67	1305.34	1139.14	199.3	1.2344,8.9301,0.7547,0.3174,0.0381,0.0556,2.2712,0.4052
asym_mig_size	Round_2_Replicate_18	-892.17	1800.34	1753.53	307.96	13.953,5.3444,0.2016,0.466,0.0524,0.145,0.9354,0.5713
asym_mig_size	Round_2_Replicate_19	-1425.51	2867.02	4759.17	309.28	1.0494,4.5305,0.1378,0.265,0.2126,0.0351,2.4165,1.5214
asym_mig_size	Round_2_Replicate_20	-821.56	1659.12	1357.08	246.62	1.8436,0.6128,0.3021,0.4913,0.1623,0.2171,3.2281,3.6174
asym_mig_size	Round_3_Replicate_1	-1489.74	2995.48	7651.78	127.03	3.6007,27.8703,1.7863,0.1223,0.0335,0.1381,5.2246,0.8683
asym_mig_size	Round_3_Replicate_2	-1169.47	2354.94	2896.56	181.96	3.7327,21.6894,1.4774,0.1618,0.0669,0.2152,1.1837,0.1466
asym_mig_size	Round_3_Replicate_3	-670.2	1356.4	930.36	151.32	0.6914,7.8651,1.1736,0.4869,0.056,0.1529,4.9473,0.7386
asym_mig_size	Round_3_Replicate_4	-1046.47	2108.94	3291.2	190.66	1.8191,9.7709,1.5096,0.1238,0.0289,0.0288,2.1741,0.2428
asym_mig_size	Round_3_Replicate_5	-529.27	1074.54	611.94	77.11	3.51,7.0058,0.3527,0.3484,0.0904,0.0189,8.9431,0.1648
asym_mig_size	Round_3_Replicate_6	-802.07	1620.14	1158.24	242.83	0.6141,2.5159,0.3979,0.8487,0.0883,0.0443,0.7184,0.4366
asym_mig_size	Round_3_Replicate_7	-975.88	1967.76	2637.88	158.31	3.1879,7.929,0.2582,0.3433,0.0311,0.0517,5.1098,0.4918
asym_mig_size	Round_3_Replicate_8	-649.29	1314.58	872.61	362.25	0.5054,16.9831,0.2721,0.2328,0.073,0.1094,0.5862,0.186
asym_mig_size	Round_3_Replicate_9	-1073.64	2163.28	2576.1	173.79	0.3391,26.8619,0.4112,0.6517,0.0205,0.1198,4.536,1.5158
asym_mig_size	Round_3_Replicate_10	-721.74	1459.48	1096.71	295.04	1.9156,13.6554,0.5593,0.2003,0.0161,0.2029,0.6831,0.2086
asym_mig_size	Round_3_Replicate_11	-892.3	1800.6	1569.45	173.17	0.4372,21.6932,0.4784,0.8667,0.0476,0.1288,2.6914,1.0447
asym_mig_size	Round_3_Replicate_12	-1561.34	3138.68	7736.17	238.85	0.2981,3.5315,0.2053,0.1079,0.0636,0.0146,4.1733,0.2076
asym_mig_size	Round_3_Replicate_13	-786.98	1589.96	1731.14	232.42	0.6298,2.698,0.9334,0.4524,0.0278,0.039,1.099,0.9601
asym_mig_size	Round_3_Replicate_14	-1129.04	2274.08	4177.53	123.79	3.4574,27.8703,0.5226,0.1069,0.0229,0.0842,7.6727,0.2971
asym_mig_size	Round_3_Replicate_15	-1071.54	2159.08	3025.72	207.03	0.2963,3.2903,1.2045,0.1793,0.0663,0.1822,5.1637,1.0234
asym_mig_size	Round_3_Replicate_16	-908.84	1833.68	1848.65	215.11	0.9491,5.09,0.4391,0.4529,0.05,0.1188,2.9658,1.4658
asym_mig_size	Round_3_Replicate_17	-667.83	1351.66	1106.91	275.54	0.3266,5.6505,0.4017,0.188,0.1833,0.0177,1.4846,0.1459
asym_mig_size	Round_3_Replicate_18	-1360.04	2736.08	3899.97	161.86	0.3743,4.9455,2.9088,1.0461,0.1105,0.1714,1.1943,0.1854
asym_mig_size	Round_3_Replicate_19	-726.68	1469.36	1062.77	97.12	0.7849,4.7049,0.6239,1.1476,0.1087,0.0204,6.1681,0.3446
asym_mig_size	Round_3_Replicate_20	-838.95	1693.9	1469.74	176.33	2.1013,4.0116,1.6569,0.2988,0.0101,0.0431,1.5447,0.233
asym_mig_size	Round_3_Replicate_21	-1800.4	3616.8	23685.89	162.21	2.3318,3.0112,2.6762,1.0455,0.1181,0.0651,0.6152,0.3405
asym_mig_size	Round_3_Replicate_22	-1486.32	2988.64	6206.26	247.06	1.9421,25.8756,0.3104,0.2885,0.0171,0.0636,2.4497,1.5356
asym_mig_size	Round_3_Replicate_23	-570.93	1157.86	766.38	236.05	0.9195,2.7527,0.3886,0.1957,0.1164,0.0389,1.6941,0.1132
asym_mig_size	Round_3_Replicate_24	-831.91	1679.82	1473.48	212.46	0.8187,6.4523,0.3523,0.8424,0.1028,0.0613,1.355,1.4172
asym_mig_size	Round_3_Replicate_25	-602.95	1221.9	891.54	228.13	1.4757,7.6521,0.3165,0.1438,0.0409,0.0668,1.6189,0.1039
asym_mig_size	Round_3_Replicate_26	-972.6	1961.2	3525.96	424.12	0.6434,12.335,0.3043,0.1622,0.0122,0.0465,0.7211,0.3883
asym_mig_size	Round_3_Replicate_27	-1010.37	2036.74	4009.94	305.82	4.1088,24.8476,0.2504,0.1202,0.0518,0.013,1.724,0.2911
asym_mig_size	Round_3_Replicate_28	-1021.92	2059.84	2330.32	203.65	1.6976,2.3177,2.0641,0.231,0.0339,0.0853,1.2371,0.4978
asym_mig_size	Round_3_Replicate_29	-1227.97	2471.94	5038.16	118.94	0.5397,9.3177,0.2559,0.3911,0.0184,0.0213,4.6691,0.1582
asym_mig_size	Round_3_Replicate_30	-1171.93	2359.86	3396.72	92.26	1.3424,16.2108,1.8953,0.6914,0.0398,0.1146,3.0574,0.1353
asym_mig_size	Round_4_Replicate_1	-528.13	1072.26	581.66	95.46	1.955,3.6428,0.6148,0.4303,0.1161,0.0169,7.0898,0.1411
asym_mig_size	Round_4_Replicate_2	-515.84	1047.68	633.38	101.28	2.6172,3.3723,0.2882,0.2623,0.0736,0.0188,5.9939,0.0748
asym_mig_size	Round_4_Replicate_3	-543.47	1102.94	710.82	106.17	2.4855,7.3142,0.43,0.2498,0.081,0.026,5.6838,0.1592
asym_mig_size	Round_4_Replicate_4	-626.46	1268.92	895.14	60.41	5.7135,9.9003,0.3651,0.3053,0.1628,0.0139,11.2969,0.1517
asym_mig_size	Round_4_Replicate_5	-510.85	1037.7	504.81	53.25	3.6588,5.2833,0.289,0.5223,0.0872,0.0132,16.7559,0.0942
asym_mig_size	Round_4_Replicate_6	-536.48	1088.96	629.0	99.15	2.6384,6.1249,0.4302,0.3446,0.1148,0.021,6.3526,0.1879
asym_mig_size	Round_4_Replicate_7	-556.63	1129.26	827.0	54.48	6.5722,4.6672,0.3488,0.313,0.0447,0.0314,17.2088,0.1529
asym_mig_size	Round_4_Replicate_8	-517.65	1051.3	560.99	75.94	3.287,3.2292,0.2664,0.6131,0.1241,0.0138,12.5016,0.118
asym_mig_size	Round_4_Replicate_9	-542.1	1100.2	672.4	60.97	3.8438,10.3554,0.6025,0.3222,0.0846,0.0162,12.0811,0.208
asym_mig_size	Round_4_Replicate_10	-521.5	1059.0	610.8	83.3	3.935,3.744,0.4506,0.6149,0.0758,0.027,8.8859,0.2429
asym_mig_size	Round_4_Replicate_11	-530.59	1077.18	689.68	84.78	2.9991,5.0212,0.4941,0.2844,0.0427,0.027,7.4713,0.1204
asym_mig_size	Round_4_Replicate_12	-508.15	1032.3	596.65	64.53	3.0259,4.8023,0.5118,0.3642,0.0487,0.0148,11.0225,0.0914
asym_mig_size	Round_4_Replicate_13	-532.9	1081.8	574.51	101.84	2.8188,4.1564,0.2588,0.3619,0.153,0.0347,7.375,0.1531
asym_mig_size	Round_4_Replicate_14	-561.61	1139.22	667.06	89.12	2.58,9.2932,0.2957,0.302,0.1935,0.0292,9.1229,0.2231
asym_mig_size	Round_4_Replicate_15	-516.96	1049.92	564.68	80.55	2.9445,3.938,0.3344,0.384,0.1153,0.0267,10.6281,0.1333
asym_mig_size	Round_4_Replicate_16	-626.45	1268.9	1041.1	104.85	2.2211,6.765,0.2738,0.2357,0.0943,0.0261,8.1373,0.1984
asym_mig_size	Round_4_Replicate_17	-552.79	1121.58	722.21	101.23	1.761,11.6953,0.5593,0.2827,0.1,0.016,6.048,0.2019
asym_mig_size	Round_4_Replicate_18	-537.41	1090.82	619.8	75.51	2.349,5.7051,0.5325,0.5687,0.1029,0.0132,10.4791,0.2454
asym_mig_size	Round_4_Replicate_19	-539.35	1094.7	640.84	66.0	3.9813,6.9136,0.3046,0.3494,0.1213,0.0176,14.1365,0.1848
asym_mig_size	Round_4_Replicate_20	-550.4	1116.8	627.3	99.56	2.2697,6.4337,0.4453,0.3856,0.1736,0.0346,7.4695,0.2616
asym_mig_size	Round_4_Replicate_21	-540.69	1097.38	634.89	68.2	2.3221,11.3009,0.7002,0.2922,0.0754,0.0196,10.1922,0.1724
asym_mig_size	Round_4_Replicate_22	-625.77	1267.54	947.9	78.01	2.0535,3.6978,0.2899,0.6581,0.0642,0.0183,11.5123,0.1606
asym_mig_size	Round_4_Replicate_23	-567.38	1150.76	641.78	68.26	4.3107,11.6737,0.4573,0.6211,0.1082,0.0161,9.2565,0.3159
asym_mig_size	Round_4_Replicate_24	-513.97	1043.94	563.99	85.16	4.6557,3.2865,0.2778,0.5045,0.099,0.0312,9.0124,0.1561
asym_mig_size	Round_4_Replicate_25	-531.07	1078.14	580.81	72.43	2.7921,4.3888,0.2634,0.3466,0.166,0.0202,17.7375,0.1229
asym_mig_size	Round_4_Replicate_26	-537.17	1090.34	608.85	74.5	4.2579,7.4669,0.2098,0.2276,0.1174,0.0244,9.732,0.1092
asym_mig_size	Round_4_Replicate_27	-539.24	1094.48	693.61	82.84	2.0546,3.939,0.3446,0.3205,0.0921,0.0224,11.3828,0.1238
asym_mig_size	Round_4_Replicate_28	-538.74	1093.48	669.49	53.7	3.3944,5.2177,0.5918,0.2679,0.0781,0.0126,17.6149,0.0899
asym_mig_size	Round_4_Replicate_29	-555.91	1127.82	825.41	77.22	4.9908,5.64,0.3166,0.2997,0.0862,0.017,10.7345,0.1898
asym_mig_size	Round_4_Replicate_30	-717.31	1450.62	1613.6	145.47	2.2654,11.2847,0.2524,0.2191,0.101,0.0112,5.1156,0.2629
asym_mig_size	Round_4_Replicate_31	-531.24	1078.48	591.08	87.28	2.949,4.6093,0.492,0.4689,0.1052,0.0368,8.6509,0.2323
asym_mig_size	Round_4_Replicate_32	-565.65	1147.3	808.65	93.11	1.9258,10.4957,0.3075,0.1623,0.0754,0.0211,7.35,0.1059
asym_mig_size	Round_4_Replicate_33	-534.31	1084.62	571.36	100.96	2.8312,3.1031,0.3198,0.6306,0.0731,0.0379,6.2053,0.1574
asym_mig_size	Round_4_Replicate_34	-539.47	1094.94	674.08	55.78	6.6512,12.4862,0.2797,0.2413,0.0591,0.0238,12.8597,0.1454
asym_mig_size	Round_4_Replicate_35	-521.03	1058.06	660.56	87.05	2.7712,4.5047,0.4262,0.3484,0.0752,0.0127,7.7195,0.1337
asym_mig_size	Round_4_Replicate_36	-525.99	1067.98	574.13	90.13	2.0935,4.1734,0.3352,0.4237,0.1233,0.0199,8.6572,0.1414
asym_mig_size	Round_4_Replicate_37	-534.57	1085.14	691.33	91.14	3.071,6.482,0.2977,0.278,0.089,0.0121,7.1298,0.1375
asym_mig_size	Round_4_Replicate_38	-525.33	1066.66	639.46	93.65	6.2808,3.4537,0.3308,0.5615,0.0693,0.0317,7.0595,0.2295
asym_mig_size	Round_4_Replicate_39	-544.35	1104.7	617.83	67.67	3.468,5.6993,0.3551,0.5507,0.0554,0.014,8.7129,0.1155
asym_mig_size	Round_4_Replicate_40	-508.93	1033.86	552.91	70.07	2.7178,4.2958,0.5747,0.4004,0.0603,0.0239,10.5299,0.1071
