Model	Replicate	log-likelihood	AIC	chi-squared	theta	optimized_params(nu1, nu2, m1, m2, T1, T2)
sym_mig_twoepoch	Round_1_Replicate_1	-1465.15	2942.3	4266.57	232.85	0.192,1.0784,7.6878,0.4592,0.4181,7.9092
sym_mig_twoepoch	Round_1_Replicate_2	-2651.64	5315.28	56118.28	195.93	4.3157,0.1452,0.1867,1.3206,1.1026,1.8917
sym_mig_twoepoch	Round_1_Replicate_3	-8397.23	16806.46	88254264261.2	62.88	3.2122,5.5845,0.5412,1.6778,1.4319,2.8617
sym_mig_twoepoch	Round_1_Replicate_4	-2639.23	5290.46	175784.13	217.21	0.5271,1.0188,1.1847,1.1733,0.4379,3.8451
sym_mig_twoepoch	Round_1_Replicate_5	-4760.61	9533.22	32782120.28	160.54	1.1219,1.0212,3.8004,2.0643,3.9512,3.4526
sym_mig_twoepoch	Round_1_Replicate_6	-6969.58	13951.16	5223135082.34	107.37	2.9579,1.6333,0.6712,2.1118,0.3168,2.8705
sym_mig_twoepoch	Round_1_Replicate_7	-3446.7	6905.4	567189.31	187.34	6.91,0.195,0.4615,2.0911,5.582,3.3749
sym_mig_twoepoch	Round_1_Replicate_8	-4915.8	9843.6	31037204.89	242.4	0.3376,1.7232,3.9921,3.1325,0.9386,0.1871
sym_mig_twoepoch	Round_1_Replicate_9	-1981.67	3975.34	15189.14	236.12	0.2005,1.2567,0.5379,0.7636,0.4595,5.46
sym_mig_twoepoch	Round_1_Replicate_10	-1667.13	3346.26	14945.01	920.41	0.2063,0.139,0.8844,3.1754,0.5198,6.334
sym_mig_twoepoch	Round_2_Replicate_1	-2468.84	4949.68	16263.25	194.21	0.0635,1.8418,24.9692,0.5405,0.9144,27.2859
sym_mig_twoepoch	Round_2_Replicate_2	-943.22	1898.44	1581.03	661.17	0.0943,0.2845,7.5392,0.7574,0.7497,2.0175
sym_mig_twoepoch	Round_2_Replicate_3	-2650.65	5313.3	21160.12	111.52	0.1062,3.6587,9.7391,0.3825,0.2605,12.8624
sym_mig_twoepoch	Round_2_Replicate_4	-1967.03	3946.06	8907.71	190.81	0.0806,1.4402,3.7662,0.3156,0.4725,12.842
sym_mig_twoepoch	Round_2_Replicate_5	-2202.28	4416.56	23338.12	457.06	0.0896,0.7227,6.0218,1.6733,1.2091,2.255
sym_mig_twoepoch	Round_2_Replicate_6	-1206.27	2424.54	2871.52	445.61	0.0805,0.4483,6.5379,0.4923,0.4438,12.8839
sym_mig_twoepoch	Round_2_Replicate_7	-2094.54	4201.08	24383.94	290.36	0.1944,0.9944,2.2909,1.0732,0.1642,10.4979
sym_mig_twoepoch	Round_2_Replicate_8	-2840.13	5692.26	67028.3	132.33	0.1868,3.527,4.3687,0.728,0.4527,20.3536
sym_mig_twoepoch	Round_2_Replicate_9	-2764.42	5540.84	72428.97	239.83	0.1289,1.8111,8.4062,1.268,0.4268,3.5322
sym_mig_twoepoch	Round_2_Replicate_10	-1033.9	2079.8	2155.21	308.39	0.1492,0.5783,12.9452,0.2305,0.2563,3.8635
sym_mig_twoepoch	Round_2_Replicate_11	-746.9	1505.8	1100.87	399.19	0.2049,0.3159,3.3222,0.3459,0.1208,13.8575
sym_mig_twoepoch	Round_2_Replicate_12	-2230.58	4473.16	12270.35	113.37	0.1495,2.9733,4.7414,0.2886,0.3094,12.8117
sym_mig_twoepoch	Round_2_Replicate_13	-2375.68	4763.36	96269.74	181.27	0.7511,1.1157,3.6318,0.8411,0.1804,3.9245
sym_mig_twoepoch	Round_2_Replicate_14	-3242.9	6497.8	348655.62	160.55	0.2577,2.7771,10.6557,1.1712,0.3296,23.3202
sym_mig_twoepoch	Round_2_Replicate_15	-1067.09	2146.18	2378.88	270.84	0.1719,0.4216,25.4587,0.1716,0.4208,18.9849
sym_mig_twoepoch	Round_2_Replicate_16	-2053.35	4118.7	15389.32	450.84	0.0878,0.6982,13.5189,1.4581,0.3959,2.5571
sym_mig_twoepoch	Round_2_Replicate_17	-1735.17	3482.34	6175.88	177.79	0.1526,1.6088,15.1001,0.3324,0.7315,6.6757
sym_mig_twoepoch	Round_2_Replicate_18	-849.66	1711.32	1271.15	355.19	0.2035,0.4694,3.5456,0.4114,0.4339,21.9084
sym_mig_twoepoch	Round_2_Replicate_19	-1717.1	3446.2	7720.49	282.34	0.0667,0.5833,2.2362,0.1114,0.5878,4.0281
sym_mig_twoepoch	Round_2_Replicate_20	-1779.38	3570.76	19705.88	400.45	0.5681,0.269,6.885,1.4879,0.6998,4.3438
sym_mig_twoepoch	Round_3_Replicate_1	-857.08	1726.16	1783.73	305.94	0.3561,0.2196,4.742,0.2015,0.0469,12.8725
sym_mig_twoepoch	Round_3_Replicate_2	-777.79	1567.58	1506.8	231.21	0.5555,0.3033,10.6587,0.1702,0.1203,12.2992
sym_mig_twoepoch	Round_3_Replicate_3	-1338.95	2689.9	3451.24	223.7	0.1523,1.0076,3.606,0.3049,0.0556,16.6917
sym_mig_twoepoch	Round_3_Replicate_4	-1569.94	3151.88	11000.56	313.22	0.4594,0.5144,3.4919,0.9885,0.0684,19.0757
sym_mig_twoepoch	Round_3_Replicate_5	-717.16	1446.32	896.87	562.62	0.2014,0.2361,1.709,0.6834,0.0606,4.5087
sym_mig_twoepoch	Round_3_Replicate_6	-714.31	1440.62	1060.01	487.34	0.1952,0.2239,4.2021,0.4048,0.4514,23.3893
sym_mig_twoepoch	Round_3_Replicate_7	-1068.36	2148.72	2148.3	271.96	0.3254,0.6936,0.8774,0.4998,0.11,23.6409
sym_mig_twoepoch	Round_3_Replicate_8	-1190.27	2392.54	2989.05	352.75	0.112,0.3117,3.6755,0.2085,0.0254,11.7539
sym_mig_twoepoch	Round_3_Replicate_9	-685.25	1382.5	853.66	135.75	0.8214,1.1109,12.0037,0.108,0.0921,7.1263
sym_mig_twoepoch	Round_3_Replicate_10	-1188.96	2389.92	3701.54	220.29	0.6793,0.656,2.8257,0.5246,0.0645,24.395
sym_mig_twoepoch	Round_3_Replicate_11	-721.13	1454.26	1113.88	664.84	0.147,0.1533,5.4484,0.5308,0.1278,27.3828
sym_mig_twoepoch	Round_3_Replicate_12	-784.58	1581.16	1042.79	877.78	0.1224,0.1685,1.3931,1.2001,0.2787,5.0406
sym_mig_twoepoch	Round_3_Replicate_13	-746.67	1505.34	1123.59	414.84	0.2006,0.2917,1.7908,0.3412,0.0799,6.2532
sym_mig_twoepoch	Round_3_Replicate_14	-773.23	1558.46	1311.75	809.59	0.1124,0.1171,11.3198,0.5867,0.0719,5.8049
sym_mig_twoepoch	Round_3_Replicate_15	-928.65	1869.3	1740.44	644.82	0.2889,0.1594,1.3069,1.172,0.0398,25.8533
sym_mig_twoepoch	Round_3_Replicate_16	-1077.19	2166.38	2576.34	320.73	0.7084,0.2622,1.8772,0.6565,0.0288,5.599
sym_mig_twoepoch	Round_3_Replicate_17	-894.7	1801.4	1760.16	366.73	0.2168,0.2393,14.8865,0.2197,0.0375,6.2505
sym_mig_twoepoch	Round_3_Replicate_18	-726.28	1464.56	1280.84	280.41	0.5636,0.2609,5.5517,0.267,0.0672,20.1241
sym_mig_twoepoch	Round_3_Replicate_19	-2528.97	5069.94	104057.81	224.38	0.3484,1.2075,9.2503,1.1292,0.2805,6.6431
sym_mig_twoepoch	Round_3_Replicate_20	-999.32	2010.64	1951.57	138.38	0.3437,1.2285,0.9574,0.1307,0.4071,24.2763
sym_mig_twoepoch	Round_3_Replicate_21	-1706.07	3424.14	16666.78	345.8	0.5468,0.3738,5.1439,1.2226,0.0529,8.9989
sym_mig_twoepoch	Round_3_Replicate_22	-1265.07	2542.14	3923.74	475.52	0.5632,0.1442,2.5114,1.1182,0.2969,4.776
sym_mig_twoepoch	Round_3_Replicate_23	-973.6	1959.2	1751.13	203.79	0.5194,0.8375,10.0611,0.3567,0.1147,8.6031
sym_mig_twoepoch	Round_3_Replicate_24	-888.77	1789.54	1690.48	355.46	0.203,0.2904,3.401,0.2123,0.0741,5.0816
sym_mig_twoepoch	Round_3_Replicate_25	-950.25	1912.5	1711.89	341.02	0.1566,0.5006,2.699,0.3435,0.0628,27.8603
sym_mig_twoepoch	Round_3_Replicate_26	-1502.4	3016.8	4386.06	210.84	0.1725,1.1991,3.2123,0.3835,0.1606,18.3301
sym_mig_twoepoch	Round_3_Replicate_27	-795.0	1602.0	1099.41	605.32	0.2106,0.225,1.5332,0.8993,0.2097,5.338
sym_mig_twoepoch	Round_3_Replicate_28	-860.85	1733.7	1293.16	518.75	0.1404,0.3268,2.2424,0.6218,0.0612,20.2837
sym_mig_twoepoch	Round_3_Replicate_29	-1126.53	2265.06	2868.14	405.28	0.5971,0.1883,1.1786,0.8538,0.1611,5.081
sym_mig_twoepoch	Round_3_Replicate_30	-651.28	1314.56	856.8	251.62	0.5474,0.4558,2.9102,0.2032,0.0257,3.9451
sym_mig_twoepoch	Round_4_Replicate_1	-648.13	1308.26	802.92	166.15	0.8433,0.8959,2.6982,0.0923,0.0295,4.1675
sym_mig_twoepoch	Round_4_Replicate_2	-833.57	1679.14	1181.96	223.92	0.3848,0.8111,1.5685,0.2501,0.0321,4.3168
sym_mig_twoepoch	Round_4_Replicate_3	-666.12	1344.24	855.28	254.17	0.5728,0.4439,3.0114,0.2536,0.0134,4.416
sym_mig_twoepoch	Round_4_Replicate_4	-652.11	1316.22	858.81	350.32	0.4002,0.3216,2.0634,0.2929,0.1372,2.3978
sym_mig_twoepoch	Round_4_Replicate_5	-666.88	1345.76	994.85	201.05	0.7808,0.5133,3.2014,0.1227,0.012,4.4057
sym_mig_twoepoch	Round_4_Replicate_6	-664.27	1340.54	894.27	372.74	0.3377,0.2857,1.4974,0.3574,0.0306,4.5879
sym_mig_twoepoch	Round_4_Replicate_7	-644.79	1301.58	816.29	224.88	0.6254,0.5677,1.8244,0.1584,0.0402,3.5448
sym_mig_twoepoch	Round_4_Replicate_8	-713.84	1439.68	994.21	178.23	0.5521,0.838,5.5905,0.115,0.0118,5.3314
sym_mig_twoepoch	Round_4_Replicate_9	-660.33	1332.66	843.26	192.77	0.6838,0.6024,6.6504,0.1833,0.01,6.9236
sym_mig_twoepoch	Round_4_Replicate_10	-651.42	1314.84	863.7	261.63	0.5383,0.4299,3.2493,0.2123,0.0193,3.7403
sym_mig_twoepoch	Round_4_Replicate_11	-657.44	1326.88	840.71	253.17	0.5003,0.4778,5.3692,0.2188,0.0139,4.3378
sym_mig_twoepoch	Round_4_Replicate_12	-648.27	1308.54	865.29	250.51	0.6078,0.4489,2.7464,0.1872,0.0326,3.3495
sym_mig_twoepoch	Round_4_Replicate_13	-644.54	1301.08	821.63	205.96	0.6884,0.6504,2.0281,0.1251,0.0682,3.5395
sym_mig_twoepoch	Round_4_Replicate_14	-656.21	1324.42	874.89	295.47	0.4432,0.3798,2.2396,0.2484,0.0444,3.6921
sym_mig_twoepoch	Round_4_Replicate_15	-659.13	1330.26	835.63	232.29	0.605,0.5026,2.4605,0.2188,0.0256,4.6873
sym_mig_twoepoch	Round_4_Replicate_16	-677.23	1366.46	849.9	378.74	0.3049,0.3312,4.7747,0.3821,0.0118,3.4317
sym_mig_twoepoch	Round_4_Replicate_17	-679.44	1370.88	854.45	191.58	0.5825,0.69,5.4669,0.1791,0.0178,6.9355
sym_mig_twoepoch	Round_4_Replicate_18	-668.52	1349.04	877.76	450.79	0.2782,0.2409,1.8497,0.469,0.035,6.6315
sym_mig_twoepoch	Round_4_Replicate_19	-668.97	1349.94	935.18	346.87	0.389,0.283,3.4026,0.3465,0.0121,7.2578
sym_mig_twoepoch	Round_4_Replicate_20	-671.81	1355.62	885.59	170.83	1.0855,0.6554,2.5289,0.143,0.0119,4.5167
sym_mig_twoepoch	Round_4_Replicate_21	-683.61	1379.22	1082.66	169.06	0.9475,0.5459,4.3752,0.113,0.0113,6.1884
sym_mig_twoepoch	Round_4_Replicate_22	-716.32	1444.64	952.07	212.37	0.7949,0.5416,3.0863,0.2442,0.0291,4.4208
sym_mig_twoepoch	Round_4_Replicate_23	-656.03	1324.06	857.69	332.13	0.3993,0.3417,1.5366,0.2938,0.0114,3.1422
sym_mig_twoepoch	Round_4_Replicate_24	-778.02	1568.04	1246.39	233.07	0.9618,0.3784,2.8241,0.246,0.046,3.0743
sym_mig_twoepoch	Round_4_Replicate_25	-725.97	1463.94	1064.88	258.71	0.7733,0.3743,3.2335,0.2634,0.0461,2.8648
sym_mig_twoepoch	Round_4_Replicate_26	-640.42	1292.84	790.32	262.81	0.563,0.5413,3.7942,0.1487,0.0647,2.1439
sym_mig_twoepoch	Round_4_Replicate_27	-655.07	1322.14	837.73	204.37	0.6577,0.575,1.7563,0.1813,0.0388,5.5846
sym_mig_twoepoch	Round_4_Replicate_28	-661.77	1335.54	904.33	300.13	0.4194,0.3629,4.5356,0.254,0.0103,4.248
sym_mig_twoepoch	Round_4_Replicate_29	-693.77	1399.54	1089.27	318.57	0.5533,0.2731,2.7063,0.2704,0.0124,2.8159
sym_mig_twoepoch	Round_4_Replicate_30	-659.84	1331.68	838.2	172.7	0.7084,0.7439,5.6518,0.1395,0.0158,6.3034
sym_mig_twoepoch	Round_4_Replicate_31	-643.91	1299.82	801.07	200.94	0.9461,0.6978,5.2571,0.0897,0.0401,2.4605
sym_mig_twoepoch	Round_4_Replicate_32	-683.7	1379.4	850.34	181.02	0.6164,0.7901,3.8962,0.158,0.029,5.8543
sym_mig_twoepoch	Round_4_Replicate_33	-658.74	1329.48	861.73	194.38	0.6352,0.6244,1.5393,0.1547,0.0122,5.8526
sym_mig_twoepoch	Round_4_Replicate_34	-637.19	1286.38	766.85	246.69	0.6477,0.5832,1.8828,0.1375,0.0272,2.1574
sym_mig_twoepoch	Round_4_Replicate_35	-638.67	1289.34	811.32	234.28	0.7092,0.5409,4.1457,0.1416,0.0604,2.6445
sym_mig_twoepoch	Round_4_Replicate_36	-658.56	1329.12	906.69	187.89	0.7893,0.5513,1.4908,0.1622,0.0113,6.3404
sym_mig_twoepoch	Round_4_Replicate_37	-805.36	1622.72	1332.86	195.32	1.0503,0.4319,2.6364,0.2547,0.0365,6.1393
sym_mig_twoepoch	Round_4_Replicate_38	-638.54	1289.08	774.67	207.07	0.7798,0.7103,1.5084,0.1059,0.0276,2.6969
sym_mig_twoepoch	Round_4_Replicate_39	-667.75	1347.5	867.12	308.53	0.3824,0.3763,4.4689,0.2961,0.0125,5.2862
sym_mig_twoepoch	Round_4_Replicate_40	-708.11	1428.22	935.61	246.53	0.3929,0.5755,2.5884,0.2128,0.0112,4.8551
