Model	Replicate	log-likelihood	AIC	chi-squared	theta	optimized_params(nu1a, nu2a, nu1b, nu2b, T1, T2)
no_mig_size	Round_1_Replicate_1	-1251.53	2515.06	4101.15	122.17	8.1679,2.9452,0.4968,3.3502,1.3456,0.8055
no_mig_size	Round_1_Replicate_2	-1712.48	3436.96	59702.66	174.99	0.2181,0.2738,1.1333,2.2623,0.6412,0.7879
no_mig_size	Round_1_Replicate_3	-737.92	1487.84	1247.66	322.22	0.5589,4.0114,0.8458,0.2288,0.4927,0.1886
no_mig_size	Round_1_Replicate_4	-1733.58	3479.16	11867.73	112.08	0.1678,5.536,8.0705,1.1702,0.3468,1.5741
no_mig_size	Round_1_Replicate_5	-1639.85	3291.7	5097.88	224.55	3.4774,1.4839,5.7568,0.3009,0.1873,0.2854
no_mig_size	Round_1_Replicate_6	-3255.61	6523.22	9303322.09	91.76	2.3776,4.1165,0.1732,6.6872,0.6348,1.8202
no_mig_size	Round_1_Replicate_7	-2408.35	4828.7	2504521913.45	122.04	0.1434,0.5539,0.2632,5.343,2.7727,0.7379
no_mig_size	Round_1_Replicate_8	-1343.31	2698.62	4821.18	251.7	0.3363,5.0253,4.3907,0.2419,0.3916,0.4738
no_mig_size	Round_1_Replicate_9	-929.87	1871.74	2077.43	161.13	4.6159,1.4792,0.9219,1.4528,1.0549,0.5268
no_mig_size	Round_1_Replicate_10	-2697.83	5407.66	170882315.34	97.72	1.8816,0.4946,4.4633,6.5993,5.7737,0.1966
no_mig_size	Round_2_Replicate_1	-725.07	1462.14	1085.06	352.42	0.4331,16.5203,0.544,0.3483,0.1893,0.3071
no_mig_size	Round_2_Replicate_2	-754.42	1520.84	1308.73	384.01	0.2658,2.8166,0.4545,0.1514,0.4004,0.0698
no_mig_size	Round_2_Replicate_3	-707.72	1427.44	1391.31	370.92	0.4085,5.4263,0.4328,0.3757,0.1306,0.4428
no_mig_size	Round_2_Replicate_4	-1118.58	2249.16	8725.16	463.26	0.2041,7.8704,0.3919,0.1822,0.3124,0.4068
no_mig_size	Round_2_Replicate_5	-923.67	1859.34	2005.78	299.93	1.7691,1.3729,1.0513,0.2847,0.1979,0.4555
no_mig_size	Round_2_Replicate_6	-1160.73	2333.46	16128.99	263.2	0.3394,5.339,0.6241,0.4809,0.9487,0.5642
no_mig_size	Round_2_Replicate_7	-1327.03	2666.06	21038.93	334.46	0.2128,3.3677,0.327,0.1045,0.9747,0.0519
no_mig_size	Round_2_Replicate_8	-798.4	1608.8	1411.46	310.43	0.4885,5.0362,1.1693,0.2617,0.4293,0.2431
no_mig_size	Round_2_Replicate_9	-957.78	1927.56	4601.43	473.77	1.3824,2.1332,0.2801,0.1734,0.3038,0.399
no_mig_size	Round_2_Replicate_10	-1030.01	2072.02	2823.76	218.91	1.4735,1.884,0.7179,0.7009,0.6589,0.1631
no_mig_size	Round_2_Replicate_11	-676.64	1365.28	1129.73	304.56	1.4318,1.6602,0.4044,0.2278,0.6915,0.1468
no_mig_size	Round_2_Replicate_12	-784.88	1581.76	1584.08	361.92	0.2086,6.9189,0.8052,0.2818,0.1209,0.3952
no_mig_size	Round_2_Replicate_13	-862.78	1737.56	2542.07	220.4	0.6323,10.0488,1.4342,0.299,1.17,0.1767
no_mig_size	Round_2_Replicate_14	-1356.9	2725.8	6997.72	308.85	0.4694,1.2017,2.8349,0.3343,0.2404,0.0528
no_mig_size	Round_2_Replicate_15	-691.75	1395.5	2161.51	230.39	1.0919,7.8256,0.2608,0.1072,1.6763,0.071
no_mig_size	Round_2_Replicate_16	-1211.04	2434.08	2721.41	297.48	1.4781,2.0394,2.1279,0.1201,0.333,0.1226
no_mig_size	Round_2_Replicate_17	-987.79	1987.58	2090.85	241.93	0.6886,1.6406,1.3336,0.5581,0.5632,0.1114
no_mig_size	Round_2_Replicate_18	-1799.96	3611.92	64447.03	202.66	0.174,9.8811,2.8892,0.6009,0.9916,0.3415
no_mig_size	Round_2_Replicate_19	-1123.56	2259.12	2318.42	231.55	0.936,7.6638,3.0251,0.3736,0.4075,0.3162
no_mig_size	Round_2_Replicate_20	-2591.04	5194.08	3886387.9	483.92	0.1457,5.3513,0.4322,0.0761,0.4879,0.5561
no_mig_size	Round_3_Replicate_1	-1144.81	2301.62	6660.67	554.65	5.0276,2.9208,0.1283,0.1483,0.4002,0.3042
no_mig_size	Round_3_Replicate_2	-643.54	1299.08	938.35	453.94	0.3519,2.4705,0.3528,0.1462,0.2279,0.1334
no_mig_size	Round_3_Replicate_3	-1067.2	2146.4	5191.5	124.74	1.1613,4.1171,0.3739,0.8209,2.3696,0.0807
no_mig_size	Round_3_Replicate_4	-811.03	1634.06	1537.23	417.99	0.9579,3.6657,0.3974,0.0826,0.2875,0.0957
no_mig_size	Round_3_Replicate_5	-1299.11	2610.22	3164.45	281.24	3.428,0.6693,1.1949,0.1148,0.3908,0.0942
no_mig_size	Round_3_Replicate_6	-996.76	2005.52	2399.57	269.84	1.0953,3.1612,0.71,0.6061,0.2787,0.2964
no_mig_size	Round_3_Replicate_7	-732.3	1476.6	1308.19	314.33	0.678,3.1045,0.4745,0.4953,0.293,0.4185
no_mig_size	Round_3_Replicate_8	-897.99	1807.98	1737.22	279.14	1.319,0.4411,0.9613,0.413,0.515,0.1388
no_mig_size	Round_3_Replicate_9	-765.72	1543.44	2075.84	180.58	1.8975,4.5231,0.246,0.4376,1.8319,0.1501
no_mig_size	Round_3_Replicate_10	-953.77	1919.54	5874.27	160.52	2.4418,1.0132,0.4246,0.1763,2.2802,0.0268
no_mig_size	Round_3_Replicate_11	-1060.73	2133.46	3330.8	176.16	0.6054,2.9711,1.1873,0.7901,1.2146,0.1054
no_mig_size	Round_3_Replicate_12	-1348.23	2708.46	7860.22	356.48	1.2855,0.4491,0.8037,0.1217,0.3973,0.3194
no_mig_size	Round_3_Replicate_13	-834.14	1680.28	2721.18	408.15	0.9224,2.2823,0.1117,0.1659,0.8003,0.1435
no_mig_size	Round_3_Replicate_14	-598.72	1209.44	943.11	462.63	4.5397,1.1178,0.1379,0.1422,0.3716,0.1262
no_mig_size	Round_3_Replicate_15	-1420.58	2853.16	27581.55	296.54	1.2288,1.5236,0.1852,0.2548,1.9573,0.3065
no_mig_size	Round_3_Replicate_16	-617.63	1247.26	872.5	449.65	1.2488,0.6985,0.2025,0.2204,0.2365,0.164
no_mig_size	Round_3_Replicate_17	-1658.98	3329.96	89821.23	293.31	2.3163,0.5526,0.1475,0.1848,2.2991,0.1808
no_mig_size	Round_3_Replicate_18	-987.23	1986.46	2163.63	382.86	3.3044,1.4565,0.4676,0.0993,0.2474,0.1212
no_mig_size	Round_3_Replicate_19	-610.63	1233.26	943.4	461.78	0.6149,6.7286,0.1999,0.143,0.3237,0.1401
no_mig_size	Round_3_Replicate_20	-639.94	1291.88	942.54	438.55	0.6537,1.2911,0.2113,0.242,0.2491,0.1832
no_mig_size	Round_3_Replicate_21	-754.59	1521.18	2760.71	213.41	2.382,2.6406,0.5195,0.5407,1.4783,0.4446
no_mig_size	Round_3_Replicate_22	-714.58	1441.16	1075.71	368.12	0.5736,0.732,0.6091,0.1494,0.4005,0.0587
no_mig_size	Round_3_Replicate_23	-726.84	1465.68	1335.39	400.9	0.7651,5.1754,0.5015,0.179,0.2389,0.2425
no_mig_size	Round_3_Replicate_24	-803.85	1619.7	2193.0	178.29	4.9012,7.5764,1.0299,0.4328,1.5693,0.5285
no_mig_size	Round_3_Replicate_25	-649.21	1310.42	1027.3	383.97	4.1249,0.4329,0.1944,0.3767,0.3879,0.1549
no_mig_size	Round_3_Replicate_26	-1722.94	3457.88	244594.42	191.7	0.7375,0.4555,1.6337,0.7208,2.0885,0.4007
no_mig_size	Round_3_Replicate_27	-981.41	1974.82	2219.23	267.08	0.8958,0.9295,0.4456,0.5977,0.512,0.0458
no_mig_size	Round_3_Replicate_28	-979.15	1970.3	6003.19	350.28	0.9174,3.1155,0.2658,0.2857,0.8872,0.3976
no_mig_size	Round_3_Replicate_29	-803.34	1618.68	2202.39	332.2	0.5057,0.5722,1.224,0.2484,0.6554,0.1026
no_mig_size	Round_3_Replicate_30	-1317.1	2646.2	2909.63	295.87	0.8788,3.0609,0.0934,0.775,0.2496,0.0942
no_mig_size	Round_4_Replicate_1	-764.65	1541.3	2200.25	473.7	2.8604,0.7041,0.1716,0.1247,0.4824,0.1659
no_mig_size	Round_4_Replicate_2	-596.69	1205.38	866.76	400.82	6.363,1.5978,0.1407,0.1829,0.5048,0.1317
no_mig_size	Round_4_Replicate_3	-609.3	1230.6	993.54	495.77	4.704,0.6237,0.1318,0.1323,0.2924,0.1144
no_mig_size	Round_4_Replicate_4	-617.48	1246.96	999.3	482.64	3.553,0.6363,0.1825,0.1893,0.2189,0.18
no_mig_size	Round_4_Replicate_5	-593.08	1198.16	825.01	557.76	4.2328,2.0405,0.0906,0.088,0.2012,0.0862
no_mig_size	Round_4_Replicate_6	-663.72	1339.44	869.05	472.14	2.9754,1.381,0.1103,0.2069,0.2143,0.1254
no_mig_size	Round_4_Replicate_7	-604.82	1221.64	857.72	382.32	2.8075,1.6474,0.1438,0.1423,0.5441,0.0939
no_mig_size	Round_4_Replicate_8	-606.44	1224.88	936.97	482.03	9.6596,0.7086,0.1557,0.1679,0.2588,0.1485
no_mig_size	Round_4_Replicate_9	-629.12	1270.24	1082.91	429.96	8.8853,1.2996,0.2078,0.1655,0.375,0.1753
no_mig_size	Round_4_Replicate_10	-599.52	1211.04	831.8	392.21	9.3544,1.9616,0.1419,0.1793,0.5071,0.1279
no_mig_size	Round_4_Replicate_11	-620.11	1252.22	939.76	459.51	2.3473,1.9569,0.2054,0.2129,0.2107,0.2139
no_mig_size	Round_4_Replicate_12	-601.53	1215.06	959.77	349.21	3.4132,2.1795,0.159,0.1448,0.7405,0.1095
no_mig_size	Round_4_Replicate_13	-590.13	1192.26	846.08	488.41	3.056,0.7398,0.11,0.1407,0.3091,0.1004
no_mig_size	Round_4_Replicate_14	-584.9	1181.8	892.53	401.3	7.5203,0.8526,0.0982,0.1696,0.5691,0.0868
no_mig_size	Round_4_Replicate_15	-617.08	1246.16	920.14	384.51	5.275,1.2738,0.2071,0.2511,0.4366,0.1856
no_mig_size	Round_4_Replicate_16	-588.58	1189.16	820.55	392.28	5.1041,1.6802,0.1098,0.1429,0.5697,0.0921
no_mig_size	Round_4_Replicate_17	-661.8	1335.6	1136.68	478.74	3.8165,1.4332,0.2061,0.1194,0.2337,0.142
no_mig_size	Round_4_Replicate_18	-610.46	1232.92	1010.22	349.62	4.0102,1.6705,0.2011,0.2102,0.6714,0.1586
no_mig_size	Round_4_Replicate_19	-633.64	1279.28	1033.44	484.82	2.9118,1.2307,0.1863,0.1259,0.2414,0.1385
no_mig_size	Round_4_Replicate_20	-637.86	1287.72	961.47	397.06	8.7945,1.4865,0.1868,0.1516,0.4339,0.1242
no_mig_size	Round_4_Replicate_21	-590.66	1193.32	863.77	386.6	7.4531,0.7597,0.1015,0.2028,0.5592,0.0835
no_mig_size	Round_4_Replicate_22	-617.61	1247.22	1078.76	449.96	3.7118,1.3276,0.1788,0.158,0.3777,0.1649
no_mig_size	Round_4_Replicate_23	-602.19	1216.38	787.13	483.32	5.7945,0.6734,0.1111,0.1765,0.2553,0.1088
no_mig_size	Round_4_Replicate_24	-605.21	1222.42	859.0	503.2	8.8375,1.2233,0.1571,0.1665,0.176,0.1605
no_mig_size	Round_4_Replicate_25	-583.8	1179.6	784.73	447.67	9.5508,1.4571,0.0826,0.1167,0.4439,0.0792
no_mig_size	Round_4_Replicate_26	-624.61	1261.22	853.76	449.96	7.25,0.5898,0.1942,0.2473,0.1946,0.1818
no_mig_size	Round_4_Replicate_27	-608.28	1228.56	896.49	455.68	2.6447,0.6694,0.1479,0.2135,0.3033,0.1435
no_mig_size	Round_4_Replicate_28	-622.1	1256.2	904.46	427.05	7.7839,0.5337,0.17,0.2807,0.301,0.1635
no_mig_size	Round_4_Replicate_29	-607.11	1226.22	895.88	490.08	10.0233,0.5804,0.1537,0.1888,0.2116,0.1553
no_mig_size	Round_4_Replicate_30	-603.66	1219.32	907.26	438.25	4.1889,2.3102,0.1609,0.1787,0.3745,0.163
no_mig_size	Round_4_Replicate_31	-590.21	1192.42	820.55	417.9	3.1427,2.0588,0.125,0.1347,0.4791,0.102
no_mig_size	Round_4_Replicate_32	-594.39	1200.78	926.33	399.82	3.7391,0.7331,0.1223,0.2037,0.528,0.1005
no_mig_size	Round_4_Replicate_33	-635.31	1282.62	1326.11	367.62	8.5315,0.6523,0.152,0.2723,0.6677,0.1413
no_mig_size	Round_4_Replicate_34	-613.73	1239.46	1000.01	412.2	4.7952,0.8136,0.1888,0.2176,0.4141,0.1655
no_mig_size	Round_4_Replicate_35	-617.66	1247.32	900.54	418.07	2.552,0.8328,0.2059,0.2161,0.3345,0.1577
no_mig_size	Round_4_Replicate_36	-602.18	1216.36	913.3	531.25	4.7252,1.1206,0.1317,0.1265,0.2001,0.13
no_mig_size	Round_4_Replicate_37	-581.33	1174.66	778.22	467.4	4.826,0.7652,0.0814,0.1264,0.3732,0.0712
no_mig_size	Round_4_Replicate_38	-605.86	1223.72	881.99	459.0	2.8145,0.9212,0.1688,0.1917,0.2765,0.157
no_mig_size	Round_4_Replicate_39	-599.77	1211.54	1027.23	448.63	2.5406,0.6068,0.112,0.1647,0.4554,0.0975
no_mig_size	Round_4_Replicate_40	-620.52	1253.04	1072.25	352.47	9.1865,0.8475,0.1814,0.2462,0.639,0.1425
