Model	Replicate	log-likelihood	AIC	chi-squared	theta	optimized_params(nu1a, nu2a, nu1b, nu2b, m12, m21, T1, T2)
sec_contact_asym_mig_size	Round_1_Replicate_1	-3542.1	7100.2	732774.01	206.38	4.6343,0.3561,7.2154,0.2289,2.64,0.3209,0.952,0.3514
sec_contact_asym_mig_size	Round_1_Replicate_2	-1928.99	3873.98	12491.28	177.77	8.1075,1.8776,2.5958,0.1399,0.1821,2.9402,0.1887,2.6379
sec_contact_asym_mig_size	Round_1_Replicate_3	-2902.16	5820.32	125972.42	224.09	0.158,0.1446,0.174,4.3111,0.6143,3.3188,1.7888,0.2224
sec_contact_asym_mig_size	Round_1_Replicate_4	-10764.59	21545.18	1.65637810644e+13	83.2	4.7309,0.2282,5.0151,3.2294,3.6775,3.8952,0.8954,1.6856
sec_contact_asym_mig_size	Round_1_Replicate_5	-1564.69	3145.38	5869.26	322.09	0.1705,0.2328,1.8057,0.1959,0.7995,0.3562,0.2694,0.5997
sec_contact_asym_mig_size	Round_1_Replicate_6	-2342.5	4701.0	61433.4	165.14	1.4602,0.2018,0.8011,2.5302,0.3577,0.5495,0.4129,0.9654
sec_contact_asym_mig_size	Round_1_Replicate_7	-2339.63	4695.26	53742.14	160.95	2.2228,0.3784,4.03,1.0568,0.3273,0.7624,0.6971,0.41
sec_contact_asym_mig_size	Round_1_Replicate_8	-2289.53	4595.06	101688.66	234.96	3.8561,1.5004,0.8889,0.7886,1.7823,0.2268,2.3872,3.8382
sec_contact_asym_mig_size	Round_1_Replicate_9	-9050.27	18116.54	3.22775395733e+11	81.81	2.6969,0.8018,4.0983,2.7616,1.531,3.7273,4.218,0.6585
sec_contact_asym_mig_size	Round_1_Replicate_10	-4548.1	9112.2	10294508.43	97.77	2.2123,0.3501,0.7401,6.4722,0.6283,1.0988,1.6126,2.1973
sec_contact_asym_mig_size	Round_2_Replicate_1	-1572.38	3160.76	7133.72	420.49	0.259,0.9239,0.6943,0.1319,2.4561,0.2724,0.5977,0.2419
sec_contact_asym_mig_size	Round_2_Replicate_2	-1320.38	2656.76	2446.98	316.07	0.0896,0.0818,6.2685,0.2859,0.1932,0.1857,0.111,0.3371
sec_contact_asym_mig_size	Round_2_Replicate_3	-2767.8	5551.6	39957.34	299.57	0.1102,0.1,4.998,0.0806,1.9117,0.6691,0.6969,0.7952
sec_contact_asym_mig_size	Round_2_Replicate_4	-1035.11	2086.22	1799.65	333.2	0.0452,0.5515,0.5377,0.7064,1.1106,0.1548,0.569,0.2148
sec_contact_asym_mig_size	Round_2_Replicate_5	-1106.34	2228.68	2245.65	476.65	0.1326,0.6888,2.685,0.0844,0.2581,0.6633,0.2384,0.1623
sec_contact_asym_mig_size	Round_2_Replicate_6	-1497.8	3011.6	4831.65	345.78	0.3464,0.4059,1.6716,0.1426,0.655,1.3386,0.3586,0.3799
sec_contact_asym_mig_size	Round_2_Replicate_7	-2000.94	4017.88	26148.74	280.75	0.0498,0.07,1.6863,0.2997,1.1602,0.28,0.1085,1.4245
sec_contact_asym_mig_size	Round_2_Replicate_8	-1354.33	2724.66	4338.5	523.89	0.6155,0.5682,0.4731,0.1026,1.6544,0.5193,0.1571,0.4735
sec_contact_asym_mig_size	Round_2_Replicate_9	-1109.01	2234.02	2538.98	354.59	0.6149,0.1822,1.4078,0.1104,0.2504,1.3067,0.5168,0.248
sec_contact_asym_mig_size	Round_2_Replicate_10	-2021.31	4058.62	7052.35	433.83	0.0435,0.3245,4.0412,0.1235,1.2975,0.0895,0.1624,0.2424
sec_contact_asym_mig_size	Round_2_Replicate_11	-2439.96	4895.92	17997.76	335.1	0.3256,0.0768,7.1993,0.0779,1.3389,0.3856,0.4616,0.3294
sec_contact_asym_mig_size	Round_2_Replicate_12	-2481.02	4978.04	15629.1	280.05	0.1139,0.3908,2.2497,0.0708,1.0244,0.1579,0.9265,2.2434
sec_contact_asym_mig_size	Round_2_Replicate_13	-1596.19	3208.38	7206.95	431.99	0.3836,0.4579,0.7815,0.1164,1.5353,0.815,0.2508,0.4338
sec_contact_asym_mig_size	Round_2_Replicate_14	-2418.44	4852.88	95303.11	289.71	0.1024,0.3957,2.5727,0.3777,1.6311,0.1745,0.2054,0.5084
sec_contact_asym_mig_size	Round_2_Replicate_15	-1045.14	2106.28	2687.89	413.9	0.2435,0.1236,0.4852,0.1202,0.7165,0.2674,1.0232,0.962
sec_contact_asym_mig_size	Round_2_Replicate_16	-913.25	1842.5	1421.71	277.02	0.2666,0.7844,1.338,0.5119,0.2747,0.1955,0.4334,0.4036
sec_contact_asym_mig_size	Round_2_Replicate_17	-1895.06	3806.12	17336.43	280.97	0.247,0.0813,2.261,0.3388,0.769,0.7672,0.3215,0.5588
sec_contact_asym_mig_size	Round_2_Replicate_18	-1693.37	3402.74	4306.29	430.29	0.0645,0.3024,4.6299,0.1064,0.6811,0.1646,0.1385,0.2389
sec_contact_asym_mig_size	Round_2_Replicate_19	-2454.92	4925.84	44601.22	346.09	0.1415,0.2833,2.0518,0.509,1.7142,1.2576,0.4489,0.2032
sec_contact_asym_mig_size	Round_2_Replicate_20	-1994.87	4005.74	16325.18	172.29	0.107,0.4632,3.7406,0.3127,0.2557,1.2423,0.0836,1.6537
sec_contact_asym_mig_size	Round_3_Replicate_1	-1163.49	2342.98	2493.24	267.41	0.1052,0.4604,1.7397,0.2838,0.3667,0.1545,0.2184,0.9883
sec_contact_asym_mig_size	Round_3_Replicate_2	-900.18	1816.36	1592.94	354.95	0.089,0.6871,0.4148,0.2021,1.0276,0.0728,1.557,0.2021
sec_contact_asym_mig_size	Round_3_Replicate_3	-973.68	1963.36	1725.17	299.6	0.4194,0.8775,1.4916,0.2678,0.2315,0.1509,0.2422,0.4665
sec_contact_asym_mig_size	Round_3_Replicate_4	-1787.63	3591.26	8612.51	231.63	0.2215,2.2325,2.6456,0.1809,0.5962,0.7698,0.8217,1.0541
sec_contact_asym_mig_size	Round_3_Replicate_5	-1079.5	2175.0	1838.37	328.39	0.201,2.4338,3.6555,0.1855,0.0755,0.3254,0.1909,0.2959
sec_contact_asym_mig_size	Round_3_Replicate_6	-1490.42	2996.84	9886.07	203.6	0.1605,1.4315,3.9584,1.5466,0.1327,0.174,1.1916,0.117
sec_contact_asym_mig_size	Round_3_Replicate_7	-856.26	1728.52	1630.75	526.64	0.0629,0.1875,0.32,0.1628,0.959,0.1365,0.4065,0.8098
sec_contact_asym_mig_size	Round_3_Replicate_8	-882.99	1781.98	1618.72	419.9	0.1594,0.307,1.2711,0.1856,0.0672,0.1161,0.2352,0.2307
sec_contact_asym_mig_size	Round_3_Replicate_9	-863.68	1743.36	1460.88	375.05	0.2297,2.621,1.9722,0.1457,0.0724,0.2925,0.5369,0.1384
sec_contact_asym_mig_size	Round_3_Replicate_10	-2111.39	4238.78	33292.76	193.93	0.1246,1.895,0.5265,1.8818,0.2149,0.6233,0.3668,0.8771
sec_contact_asym_mig_size	Round_3_Replicate_11	-1006.52	2029.04	2166.9	297.3	0.6056,1.2687,0.8632,0.3694,0.1929,0.7658,0.3305,0.7282
sec_contact_asym_mig_size	Round_3_Replicate_12	-2014.21	4044.42	34276.45	184.99	0.0694,1.6221,1.2687,1.3361,0.2311,0.6334,0.5631,0.9249
sec_contact_asym_mig_size	Round_3_Replicate_13	-972.91	1961.82	2337.33	353.05	0.2256,0.8152,0.9381,0.1859,0.0772,0.0917,0.3362,0.665
sec_contact_asym_mig_size	Round_3_Replicate_14	-1825.26	3666.52	10348.9	308.67	0.0878,0.1981,3.5019,0.5003,1.017,0.0659,0.1829,0.3237
sec_contact_asym_mig_size	Round_3_Replicate_15	-963.87	1943.74	1932.32	384.98	0.2246,0.2986,1.664,0.328,0.3285,0.0531,0.5954,0.1321
sec_contact_asym_mig_size	Round_3_Replicate_16	-2555.66	5127.32	36125.84	167.04	0.1208,2.7695,3.8105,1.4584,1.0907,0.5429,1.1436,0.2197
sec_contact_asym_mig_size	Round_3_Replicate_17	-1068.54	2153.08	3023.65	295.16	0.9496,0.3561,1.0195,0.199,0.0785,0.0546,0.1048,1.207
sec_contact_asym_mig_size	Round_3_Replicate_18	-1427.21	2870.42	6214.87	133.84	0.5658,0.2785,3.2523,1.4294,0.2066,0.0473,0.2326,1.459
sec_contact_asym_mig_size	Round_3_Replicate_19	-1322.74	2661.48	2957.34	216.81	0.0918,0.2116,3.2786,0.7555,0.0758,0.2642,0.2316,0.6708
sec_contact_asym_mig_size	Round_3_Replicate_20	-782.44	1580.88	1172.22	329.75	0.398,0.404,2.9501,0.4368,0.0725,0.0794,0.534,0.0922
sec_contact_asym_mig_size	Round_3_Replicate_21	-1164.59	2345.18	2199.43	292.4	0.2718,0.5967,3.1055,0.1838,0.0815,0.6319,0.5331,0.4427
sec_contact_asym_mig_size	Round_3_Replicate_22	-981.3	1978.6	1811.58	208.76	0.9948,0.9431,0.7974,1.4407,0.2346,0.0737,0.7088,0.2432
sec_contact_asym_mig_size	Round_3_Replicate_23	-1343.06	2702.12	3033.24	185.07	0.1942,0.3824,4.0115,0.786,0.1263,0.2799,0.937,0.7038
sec_contact_asym_mig_size	Round_3_Replicate_24	-973.63	1963.26	2098.09	253.09	0.2391,0.7079,0.7511,0.9928,0.4009,0.107,1.5742,0.1178
sec_contact_asym_mig_size	Round_3_Replicate_25	-1736.9	3489.8	8829.31	206.07	0.1535,2.0244,3.5263,0.4117,0.5574,0.1068,0.2659,0.965
sec_contact_asym_mig_size	Round_3_Replicate_26	-958.76	1933.52	1482.26	274.56	0.7158,0.4303,0.508,1.1345,0.078,0.4342,0.6575,0.1746
sec_contact_asym_mig_size	Round_3_Replicate_27	-808.97	1633.94	1159.0	284.92	0.4442,0.3779,1.3979,0.3647,0.0759,0.3357,0.7342,0.385
sec_contact_asym_mig_size	Round_3_Replicate_28	-2760.42	5536.84	199868.23	149.69	0.9303,0.6881,4.1171,1.615,0.3436,0.245,0.1655,0.7178
sec_contact_asym_mig_size	Round_3_Replicate_29	-1161.46	2338.92	2129.12	230.94	0.1215,1.331,2.8623,0.5364,0.1832,0.0938,0.3444,0.6127
sec_contact_asym_mig_size	Round_3_Replicate_30	-1880.15	3776.3	8984.69	243.56	0.1398,1.0189,4.7548,1.6697,0.572,0.1849,0.2175,0.151
sec_contact_asym_mig_size	Round_4_Replicate_1	-872.98	1761.96	1247.65	309.04	0.4135,0.3371,2.7478,0.8705,0.0776,0.0867,0.4634,0.098
sec_contact_asym_mig_size	Round_4_Replicate_2	-851.13	1718.26	1784.33	301.01	0.4212,0.5066,3.1956,0.5241,0.036,0.0433,0.7755,0.0873
sec_contact_asym_mig_size	Round_4_Replicate_3	-701.73	1419.46	1015.27	297.94	0.5241,0.7528,4.2804,0.2736,0.0924,0.0965,0.7439,0.0554
sec_contact_asym_mig_size	Round_4_Replicate_4	-712.83	1441.66	970.4	358.63	0.3846,0.438,3.9945,0.3121,0.0958,0.0972,0.4604,0.0516
sec_contact_asym_mig_size	Round_4_Replicate_5	-766.66	1549.32	1043.91	394.89	0.307,0.2912,3.2815,0.6232,0.0462,0.0791,0.303,0.0338
sec_contact_asym_mig_size	Round_4_Replicate_6	-801.07	1618.14	1139.6	266.88	0.78,0.6001,2.0514,0.5825,0.1043,0.0695,0.6726,0.0638
sec_contact_asym_mig_size	Round_4_Replicate_7	-846.71	1709.42	2255.99	292.02	0.5702,0.4735,2.1941,0.6222,0.0796,0.0431,1.0167,0.0399
sec_contact_asym_mig_size	Round_4_Replicate_8	-763.61	1543.22	1361.57	368.49	0.3521,0.3715,4.6707,0.4031,0.0788,0.0537,0.5375,0.0457
sec_contact_asym_mig_size	Round_4_Replicate_9	-793.96	1603.92	1137.38	294.06	0.4503,0.62,4.3136,0.5458,0.0446,0.081,0.5981,0.0716
sec_contact_asym_mig_size	Round_4_Replicate_10	-951.12	1918.24	2932.17	330.27	0.3695,0.4026,2.2559,0.5639,0.0849,0.1122,1.0419,0.0471
sec_contact_asym_mig_size	Round_4_Replicate_11	-792.88	1601.76	1433.95	339.0	0.5717,0.3406,1.509,0.2362,0.1124,0.1134,0.6924,0.101
sec_contact_asym_mig_size	Round_4_Replicate_12	-985.9	1987.8	3017.99	363.14	0.3367,0.3727,1.5081,0.2492,0.041,0.0485,0.8264,0.1136
sec_contact_asym_mig_size	Round_4_Replicate_13	-678.2	1372.4	1059.09	416.52	0.2949,0.3662,4.4047,0.2295,0.1158,0.0735,0.4257,0.0288
sec_contact_asym_mig_size	Round_4_Replicate_14	-732.33	1480.66	1140.44	385.04	0.3551,0.3293,2.0184,0.2691,0.0737,0.1105,0.4613,0.0725
sec_contact_asym_mig_size	Round_4_Replicate_15	-827.1	1670.2	1161.18	310.64	0.3503,0.6474,2.0388,0.5088,0.0527,0.1111,0.4446,0.097
sec_contact_asym_mig_size	Round_4_Replicate_16	-880.57	1777.14	2905.93	378.19	0.3756,0.3874,1.8864,0.2124,0.0621,0.0534,0.842,0.04
sec_contact_asym_mig_size	Round_4_Replicate_17	-815.08	1646.16	1205.16	320.71	0.3448,0.5836,2.7166,0.6711,0.0761,0.0536,0.4959,0.0475
sec_contact_asym_mig_size	Round_4_Replicate_18	-805.1	1626.2	1658.31	312.39	0.3871,0.6116,4.5232,0.4008,0.0399,0.0666,0.7828,0.0579
sec_contact_asym_mig_size	Round_4_Replicate_19	-808.73	1633.46	1095.89	260.9	0.623,0.6534,4.7129,0.5884,0.0824,0.114,0.7039,0.0924
sec_contact_asym_mig_size	Round_4_Replicate_20	-776.78	1569.56	1170.74	310.15	0.4316,0.5624,4.9643,0.7397,0.0619,0.0942,0.6191,0.0335
sec_contact_asym_mig_size	Round_4_Replicate_21	-1106.39	2228.78	3795.26	331.03	0.3567,0.2922,3.6261,0.3781,0.097,0.0474,1.0192,0.103
sec_contact_asym_mig_size	Round_4_Replicate_22	-858.07	1732.14	1307.58	317.6	0.6379,0.2836,2.9509,0.4194,0.0426,0.1402,0.4383,0.0872
sec_contact_asym_mig_size	Round_4_Replicate_23	-709.13	1434.26	1038.02	294.1	0.552,0.6408,1.7969,0.3321,0.098,0.0973,0.8165,0.0972
sec_contact_asym_mig_size	Round_4_Replicate_24	-952.54	1921.08	2496.25	336.59	0.3858,0.3233,1.8728,0.3932,0.0853,0.0958,1.0045,0.0854
sec_contact_asym_mig_size	Round_4_Replicate_25	-749.42	1514.84	1013.3	320.62	0.4689,0.5389,2.9596,0.3202,0.055,0.1339,0.5301,0.0885
sec_contact_asym_mig_size	Round_4_Replicate_26	-911.21	1838.42	1357.86	291.56	0.411,0.5647,2.8496,0.6604,0.0985,0.136,0.4154,0.1082
sec_contact_asym_mig_size	Round_4_Replicate_27	-802.3	1620.6	1326.33	345.96	0.5681,0.2874,1.6036,0.3253,0.0709,0.0588,0.4524,0.0808
sec_contact_asym_mig_size	Round_4_Replicate_28	-890.76	1797.52	1616.81	340.9	0.3879,0.291,3.7714,0.3024,0.0503,0.1601,0.6346,0.1257
sec_contact_asym_mig_size	Round_4_Replicate_29	-766.8	1549.6	1401.97	414.16	0.3054,0.2732,1.9379,0.2868,0.1115,0.058,0.4454,0.0592
sec_contact_asym_mig_size	Round_4_Replicate_30	-798.54	1613.08	1108.5	316.22	0.408,0.5647,2.0289,0.7615,0.1067,0.0626,0.4962,0.0389
sec_contact_asym_mig_size	Round_4_Replicate_31	-859.64	1735.28	1445.8	276.16	0.4197,0.5553,3.4014,0.8487,0.1045,0.0773,0.8319,0.0898
sec_contact_asym_mig_size	Round_4_Replicate_32	-914.91	1845.82	1498.32	307.74	0.7739,0.3335,3.2947,0.3014,0.0834,0.0996,0.4259,0.0925
sec_contact_asym_mig_size	Round_4_Replicate_33	-832.47	1680.94	1273.49	307.5	0.7185,0.3483,4.5231,0.6505,0.0731,0.1258,0.5414,0.0393
sec_contact_asym_mig_size	Round_4_Replicate_34	-767.81	1551.62	1215.38	288.12	0.6246,0.5202,3.1187,0.3302,0.0655,0.0989,0.805,0.1001
sec_contact_asym_mig_size	Round_4_Replicate_35	-921.48	1858.96	1374.83	291.33	0.3053,0.5377,1.9451,0.6933,0.034,0.0636,0.3569,0.1666
sec_contact_asym_mig_size	Round_4_Replicate_36	-832.76	1681.52	1303.34	281.85	0.7597,0.6899,5.4181,0.3183,0.1003,0.099,0.5663,0.0467
sec_contact_asym_mig_size	Round_4_Replicate_37	-928.39	1872.78	1986.53	334.24	0.3353,0.4109,2.9867,0.2945,0.1249,0.0883,0.8549,0.1238
sec_contact_asym_mig_size	Round_4_Replicate_38	-903.6	1823.2	2383.68	336.7	0.3412,0.4387,4.3577,0.8404,0.1378,0.08,0.8305,0.0342
sec_contact_asym_mig_size	Round_4_Replicate_39	-846.72	1709.44	1897.42	304.64	0.4115,0.5104,5.3706,0.4625,0.1172,0.0649,0.941,0.0683
sec_contact_asym_mig_size	Round_4_Replicate_40	-783.11	1582.22	1349.36	341.99	0.5265,0.3322,2.4728,0.2781,0.0921,0.0969,0.611,0.0772
