Model	Replicate	log-likelihood	AIC	chi-squared	theta	optimized_params(nu1, nu2, m12, m21, T)
asym_mig	Round_1_Replicate_1	-2270.81	4551.62	34192.45	156.05	4.0682,0.3703,0.706,0.2968,3.2418
asym_mig	Round_1_Replicate_2	-4174.34	8358.68	9406795.71	292.05	1.1502,0.6178,0.1298,2.9563,0.1993
asym_mig	Round_1_Replicate_3	-7892.56	15795.12	18654880764.1	200.07	2.8863,4.0486,0.2382,1.1035,0.2158
asym_mig	Round_1_Replicate_4	-4769.96	9549.92	12612559.39	62.27	0.3849,8.0059,5.3329,0.4797,5.5579
asym_mig	Round_1_Replicate_5	-3426.45	6862.9	1421322.39	189.3	2.2644,1.1764,0.6657,0.6673,0.6395
asym_mig	Round_1_Replicate_6	-6089.25	12188.5	506020938.04	213.87	3.5191,1.4336,0.2967,1.6289,0.26
asym_mig	Round_1_Replicate_7	-6096.9	12203.8	4922665981.85	76.47	2.9892,7.9427,1.5729,3.3328,1.8576
asym_mig	Round_1_Replicate_8	-7763.6	15537.2	16112835781.6	199.39	5.2757,1.4707,0.4092,3.356,0.272
asym_mig	Round_1_Replicate_9	-3717.89	7445.78	2462525.02	349.69	1.1409,0.2959,3.5073,1.9714,0.1837
asym_mig	Round_1_Replicate_10	-4339.23	8688.46	7422819.22	184.68	6.0017,0.5472,1.4871,1.5684,0.7576
asym_mig	Round_2_Replicate_1	-2383.0	4776.0	85085.39	299.87	1.3835,0.2824,1.6324,0.9362,1.0655
asym_mig	Round_2_Replicate_2	-1871.66	3753.32	7166.82	100.16	6.2051,0.2674,0.157,0.08,4.4375
asym_mig	Round_2_Replicate_3	-1888.13	3786.26	9962.46	93.99	7.9141,0.5644,0.1964,0.2811,3.2995
asym_mig	Round_2_Replicate_4	-4388.83	8787.66	10081092.08	145.11	5.8269,1.2854,0.9412,0.5284,0.9377
asym_mig	Round_2_Replicate_5	-3202.82	6415.64	285620.02	118.96	11.6932,0.5669,0.8376,0.2785,2.8051
asym_mig	Round_2_Replicate_6	-1909.48	3828.96	13889.93	103.23	4.4024,0.3926,0.3112,0.6014,6.5159
asym_mig	Round_2_Replicate_7	-1628.54	3267.08	5462.48	189.42	3.289,0.2472,0.3197,0.2678,1.4452
asym_mig	Round_2_Replicate_8	-3060.99	6131.98	249715.1	317.84	2.8313,0.281,2.1569,0.0663,2.7739
asym_mig	Round_2_Replicate_9	-3667.26	7344.52	1727898.86	87.86	7.1277,1.1771,0.1951,1.061,2.6054
asym_mig	Round_2_Replicate_10	-2658.17	5326.34	13961.14	127.52	13.2659,0.1192,0.3116,0.1969,1.8186
asym_mig	Round_2_Replicate_11	-3458.85	6927.7	1172413.95	146.25	4.4558,0.6734,1.2826,0.4539,5.0605
asym_mig	Round_2_Replicate_12	-2561.12	5132.24	17231.3	124.5	6.4459,0.1545,0.5036,0.1445,11.1143
asym_mig	Round_2_Replicate_13	-2250.06	4510.12	11459.38	173.55	5.1962,0.1233,0.4808,0.3849,1.7328
asym_mig	Round_2_Replicate_14	-3262.84	6535.68	792504.78	197.54	3.5297,0.6881,1.5043,0.0632,1.1276
asym_mig	Round_2_Replicate_15	-1101.56	2213.12	2450.44	254.01	1.3217,0.2161,0.1681,0.9593,1.9731
asym_mig	Round_2_Replicate_16	-2935.94	5881.88	223179.8	180.7	6.5364,0.5496,1.0079,0.1513,0.9241
asym_mig	Round_2_Replicate_17	-1990.22	3990.44	31786.5	168.13	2.9247,1.0253,0.2235,0.253,0.9314
asym_mig	Round_2_Replicate_18	-1646.08	3302.16	6247.69	175.62	2.5552,0.1495,0.3274,0.6627,3.4865
asym_mig	Round_2_Replicate_19	-4944.21	9898.42	32521197.62	129.63	8.8393,1.1341,1.4738,0.4436,1.7356
asym_mig	Round_2_Replicate_20	-5083.29	10176.58	61153790.34	156.93	4.3753,1.1449,2.1232,0.3428,1.8571
asym_mig	Round_3_Replicate_1	-1270.06	2550.12	2923.02	167.56	3.2652,0.2703,0.0395,0.6057,1.7659
asym_mig	Round_3_Replicate_2	-1092.57	2195.14	2585.9	404.83	0.6393,0.1843,0.3428,1.457,0.6126
asym_mig	Round_3_Replicate_3	-744.35	1498.7	1140.79	610.8	0.3561,0.1088,0.0654,1.4175,1.5053
asym_mig	Round_3_Replicate_4	-1640.96	3291.92	7879.16	222.84	2.566,0.3502,0.4885,0.2211,0.9097
asym_mig	Round_3_Replicate_5	-1724.08	3458.16	6691.38	206.26	2.9986,0.1563,0.3064,1.1664,1.2884
asym_mig	Round_3_Replicate_6	-1484.5	2979.0	4914.75	164.92	2.5176,0.2506,0.3172,0.3114,3.71
asym_mig	Round_3_Replicate_7	-1277.9	2565.8	5032.62	300.73	0.7969,0.4275,0.1082,1.0945,0.8891
asym_mig	Round_3_Replicate_8	-3690.81	7391.62	1675987.66	154.41	4.6065,0.5966,0.4713,1.92,1.0861
asym_mig	Round_3_Replicate_9	-805.02	1620.04	1244.54	291.83	1.0729,0.2996,0.0336,0.3191,0.8853
asym_mig	Round_3_Replicate_10	-1421.82	2853.64	4367.51	348.57	1.2181,0.0712,0.2162,2.4762,0.7055
asym_mig	Round_3_Replicate_11	-695.9	1401.8	971.1	486.64	0.3885,0.175,0.0799,0.8303,0.8465
asym_mig	Round_3_Replicate_12	-855.89	1721.78	2000.9	191.95	1.1251,0.2442,0.1257,0.2618,9.0921
asym_mig	Round_3_Replicate_13	-940.91	1891.82	1740.14	163.62	1.6575,0.5579,0.1113,0.4034,3.7341
asym_mig	Round_3_Replicate_14	-1414.44	2838.88	4440.63	318.45	1.3903,0.146,0.2899,1.4541,0.5603
asym_mig	Round_3_Replicate_15	-1036.36	2082.72	2188.11	239.76	1.3728,0.3444,0.2549,0.4062,1.5326
asym_mig	Round_3_Replicate_16	-2480.49	4970.98	72128.42	231.18	2.9627,0.2903,0.5294,1.8522,0.6156
asym_mig	Round_3_Replicate_17	-627.61	1265.22	776.33	378.17	0.4501,0.3428,0.1496,0.2072,0.8732
asym_mig	Round_3_Replicate_18	-1439.79	2889.58	7370.97	167.17	1.3474,0.6234,0.2792,0.7175,6.8312
asym_mig	Round_3_Replicate_19	-742.52	1495.04	1102.16	367.88	0.6066,0.1972,0.0932,0.8465,3.5589
asym_mig	Round_3_Replicate_20	-1577.94	3165.88	4981.17	208.73	2.8458,0.1156,0.1345,1.5218,1.3415
asym_mig	Round_3_Replicate_21	-888.08	1786.16	1634.84	376.42	0.7971,0.1489,0.0411,1.0514,0.7593
asym_mig	Round_3_Replicate_22	-1183.54	2377.08	2829.73	137.27	2.7774,0.339,0.088,0.5725,4.3019
asym_mig	Round_3_Replicate_23	-795.68	1601.36	1209.59	551.77	0.3925,0.1404,0.2908,1.4204,2.451
asym_mig	Round_3_Replicate_24	-889.74	1789.48	1632.57	388.69	0.754,0.1524,0.0521,0.9954,0.6028
asym_mig	Round_3_Replicate_25	-1039.92	2089.84	2145.49	237.41	1.4174,0.1994,0.0615,1.0712,2.8914
asym_mig	Round_3_Replicate_26	-1247.37	2504.74	3323.45	289.3	1.5303,0.0933,0.03,1.642,1.0789
asym_mig	Round_3_Replicate_27	-724.16	1458.32	1080.58	427.67	0.4886,0.1685,0.1114,0.8979,6.0498
asym_mig	Round_3_Replicate_28	-709.25	1428.5	996.75	582.86	0.3083,0.1427,0.1777,1.0811,3.1684
asym_mig	Round_3_Replicate_29	-1555.48	3120.96	6536.38	205.36	1.9893,0.2317,0.2063,1.4324,2.1111
asym_mig	Round_3_Replicate_30	-2140.49	4290.98	53467.81	261.78	1.245,0.4748,0.5402,1.3005,0.7144
asym_mig	Round_4_Replicate_1	-638.27	1286.54	806.81	349.78	0.401,0.3742,0.3597,0.1633,1.7807
asym_mig	Round_4_Replicate_2	-646.73	1303.46	789.97	245.49	0.7886,0.5876,0.0854,0.1151,1.6703
asym_mig	Round_4_Replicate_3	-643.43	1296.86	812.31	344.87	0.4731,0.3497,0.2155,0.2692,1.551
asym_mig	Round_4_Replicate_4	-615.81	1241.62	765.45	459.9	0.2964,0.2873,0.2073,0.1888,0.5641
asym_mig	Round_4_Replicate_5	-655.27	1320.54	796.31	332.78	0.541,0.4172,0.0495,0.2395,0.9844
asym_mig	Round_4_Replicate_6	-632.32	1274.64	782.73	387.12	0.4311,0.3227,0.1919,0.2616,0.966
asym_mig	Round_4_Replicate_7	-651.26	1312.52	755.02	337.04	0.5047,0.423,0.2033,0.2413,1.0582
asym_mig	Round_4_Replicate_8	-643.9	1297.8	816.15	331.86	0.5807,0.3629,0.105,0.2387,1.1653
asym_mig	Round_4_Replicate_9	-635.0	1280.0	806.9	398.9	0.3931,0.3162,0.1771,0.2565,0.9835
asym_mig	Round_4_Replicate_10	-658.5	1327.0	881.97	385.13	0.4232,0.3191,0.081,0.2755,1.0401
asym_mig	Round_4_Replicate_11	-635.3	1280.6	751.99	291.17	0.5919,0.5041,0.1518,0.1378,1.3854
asym_mig	Round_4_Replicate_12	-637.28	1284.56	842.29	354.74	0.5021,0.3774,0.1268,0.1116,0.883
asym_mig	Round_4_Replicate_13	-658.52	1327.04	951.41	359.08	0.5035,0.3183,0.0902,0.192,1.1443
asym_mig	Round_4_Replicate_14	-671.21	1352.42	806.19	287.87	0.6454,0.5656,0.1723,0.0635,1.0065
asym_mig	Round_4_Replicate_15	-661.43	1332.86	852.82	334.21	0.5409,0.3286,0.1847,0.3483,1.6601
asym_mig	Round_4_Replicate_16	-648.39	1306.78	758.04	304.84	0.5382,0.549,0.1801,0.0738,1.0096
asym_mig	Round_4_Replicate_17	-644.27	1298.54	822.84	334.34	0.5381,0.3668,0.1027,0.2426,1.2709
asym_mig	Round_4_Replicate_18	-611.4	1232.8	764.24	469.77	0.3138,0.2511,0.0877,0.234,0.4415
asym_mig	Round_4_Replicate_19	-626.03	1262.06	753.54	374.18	0.3985,0.3812,0.2768,0.1506,1.0175
asym_mig	Round_4_Replicate_20	-629.53	1269.06	742.54	378.81	0.4463,0.3673,0.1184,0.1715,0.6583
asym_mig	Round_4_Replicate_21	-658.2	1326.4	875.75	409.8	0.4547,0.2574,0.2483,0.3659,0.9155
asym_mig	Round_4_Replicate_22	-637.37	1284.74	843.73	437.55	0.3435,0.2806,0.1653,0.2577,0.8083
asym_mig	Round_4_Replicate_23	-637.89	1285.78	815.04	350.48	0.5069,0.3763,0.0833,0.1842,0.962
asym_mig	Round_4_Replicate_24	-618.68	1247.36	775.84	416.5	0.3741,0.3178,0.1898,0.1434,0.6517
asym_mig	Round_4_Replicate_25	-727.04	1464.08	907.18	325.53	0.503,0.5319,0.1834,0.1973,0.7023
asym_mig	Round_4_Replicate_26	-675.48	1360.96	871.47	282.69	0.7702,0.4153,0.1525,0.2109,1.4431
asym_mig	Round_4_Replicate_27	-623.74	1257.48	751.13	419.93	0.3394,0.3418,0.3239,0.0874,0.6129
asym_mig	Round_4_Replicate_28	-756.5	1523.0	1085.78	359.41	0.6381,0.3252,0.1684,0.1294,0.4944
asym_mig	Round_4_Replicate_29	-733.28	1476.56	992.69	288.99	0.8806,0.4392,0.0915,0.1093,0.8423
asym_mig	Round_4_Replicate_30	-642.72	1295.44	831.68	340.03	0.5814,0.3605,0.0939,0.183,0.9708
asym_mig	Round_4_Replicate_31	-862.44	1734.88	1425.15	334.82	0.8865,0.2907,0.1142,0.1206,0.4998
asym_mig	Round_4_Replicate_32	-639.33	1288.66	772.64	304.81	0.6109,0.459,0.1512,0.1346,1.1817
asym_mig	Round_4_Replicate_33	-651.81	1313.62	747.86	259.65	0.692,0.6172,0.1276,0.1197,1.4219
asym_mig	Round_4_Replicate_34	-662.29	1334.58	924.72	297.46	0.6917,0.4267,0.0496,0.1244,1.1964
asym_mig	Round_4_Replicate_35	-697.06	1404.12	954.41	364.39	0.612,0.3135,0.0896,0.1225,0.5503
asym_mig	Round_4_Replicate_36	-623.9	1257.8	801.65	462.09	0.3208,0.2609,0.252,0.2581,0.6939
asym_mig	Round_4_Replicate_37	-817.33	1644.66	1263.09	306.65	0.859,0.3841,0.1631,0.2689,0.7298
asym_mig	Round_4_Replicate_38	-623.1	1256.2	736.73	392.99	0.3837,0.3683,0.1721,0.1654,0.7122
asym_mig	Round_4_Replicate_39	-767.44	1544.88	1360.78	383.75	0.313,0.2953,0.1464,0.1514,1.7254
asym_mig	Round_4_Replicate_40	-621.93	1253.86	750.59	403.37	0.3934,0.3405,0.125,0.1431,0.5773
