Model	Replicate	log-likelihood	AIC	chi-squared	theta	optimized_params(nu1, nu2, T)
no_mig	Round_1_Replicate_1	-1567.32	3140.64	5052.31	246.15	3.3257,0.2012,0.5353
no_mig	Round_1_Replicate_2	-2023.04	4052.08	35113348762.6	120.98	1.1199,0.3539,7.4963
no_mig	Round_1_Replicate_3	-1745.2	3496.4	13483.83	230.67	2.4225,0.679,0.4342
no_mig	Round_1_Replicate_4	-1737.41	3480.82	7530.46	108.3	0.5902,5.5588,1.5763
no_mig	Round_1_Replicate_5	-3444.84	6895.68	2.13324021635e+12	215.8	0.3423,0.3189,4.4057
no_mig	Round_1_Replicate_6	-8281.97	16569.94	30567172504.8	207.94	4.5368,4.6155,0.1782
no_mig	Round_1_Replicate_7	-7701.67	15409.34	9218782571.3	205.76	2.5337,6.8686,0.1767
no_mig	Round_1_Replicate_8	-1946.61	3899.22	6708.89	150.2	0.2932,5.1688,0.7671
no_mig	Round_1_Replicate_9	-1620.47	3246.94	9176.32	264.51	2.1982,0.1711,0.6461
no_mig	Round_1_Replicate_10	-1216.63	2439.26	26697.85	111.21	1.7365,1.6103,4.088
no_mig	Round_2_Replicate_1	-1208.17	2422.34	9454.48	153.13	2.4179,0.7011,2.1041
no_mig	Round_2_Replicate_2	-1148.85	2303.7	6315.23	77.27	2.6708,3.3973,4.0374
no_mig	Round_2_Replicate_3	-1994.83	3995.66	4308109341.05	69.52	0.4348,3.5066,8.8665
no_mig	Round_2_Replicate_4	-1340.8	2687.6	10515.67	57.48	2.4577,6.0584,5.2424
no_mig	Round_2_Replicate_5	-1816.62	3639.24	21710796405.5	43.13	5.517,0.866,17.7452
no_mig	Round_2_Replicate_6	-1071.55	2149.1	6459.73	97.88	2.3193,2.2256,3.4109
no_mig	Round_2_Replicate_7	-1983.08	3972.16	712006.59	120.31	3.0986,0.5027,3.8379
no_mig	Round_2_Replicate_8	-1934.44	3874.88	1696724.17	116.87	2.3423,0.6477,4.954
no_mig	Round_2_Replicate_9	-1440.48	2886.96	43446.68	99.96	3.45,1.016,4.2247
no_mig	Round_2_Replicate_10	-1376.89	2759.78	30034.52	91.3	1.2637,3.1008,4.3161
no_mig	Round_2_Replicate_11	-1033.01	2072.02	2353.25	161.76	1.9318,1.1708,1.3745
no_mig	Round_2_Replicate_12	-1219.42	2444.84	11774.61	105.66	1.2423,2.738,3.2257
no_mig	Round_2_Replicate_13	-1173.41	2352.82	6179.56	144.55	0.803,2.1919,1.9243
no_mig	Round_2_Replicate_14	-1924.93	3855.86	79345.31	82.49	0.7041,5.1815,3.6318
no_mig	Round_2_Replicate_15	-1682.73	3371.46	29027.19	124.82	0.5181,3.1852,2.2176
no_mig	Round_2_Replicate_16	-1095.12	2196.24	3617.12	155.92	0.8325,2.03,1.5763
no_mig	Round_2_Replicate_17	-1573.09	3152.18	12925.22	83.55	0.9938,5.3957,2.9873
no_mig	Round_2_Replicate_18	-1879.39	3764.78	1113615.01	165.04	0.6259,1.028,3.78
no_mig	Round_2_Replicate_19	-1166.33	2338.66	10251.33	63.17	3.854,3.4012,5.6432
no_mig	Round_2_Replicate_20	-1148.96	2303.92	3566.31	177.55	2.5465,0.606,1.3024
no_mig	Round_3_Replicate_1	-874.74	1755.48	2628.89	209.96	0.9247,0.9685,1.2852
no_mig	Round_3_Replicate_2	-1642.88	3291.76	4334.12	146.92	7.9755,0.5893,1.0
no_mig	Round_3_Replicate_3	-970.95	1947.9	2899.33	152.49	1.3478,1.5476,1.7547
no_mig	Round_3_Replicate_4	-1066.17	2138.34	5948.24	99.51	2.397,2.1332,3.2925
no_mig	Round_3_Replicate_5	-927.46	1860.92	4419.17	208.67	0.8457,0.9593,1.4988
no_mig	Round_3_Replicate_6	-791.78	1589.56	1628.61	284.39	0.8012,0.537,0.7614
no_mig	Round_3_Replicate_7	-1032.61	2071.22	2109.54	224.29	1.7455,0.5718,0.8093
no_mig	Round_3_Replicate_8	-1260.65	2527.3	12217.39	182.1	1.9833,0.519,1.7886
no_mig	Round_3_Replicate_9	-939.23	1884.46	2689.29	230.49	1.367,0.5455,1.0572
no_mig	Round_3_Replicate_10	-951.04	1908.08	2775.78	166.29	1.6513,1.0759,1.6059
no_mig	Round_3_Replicate_11	-1178.1	2362.2	3093.7	150.61	3.1557,0.8496,1.4604
no_mig	Round_3_Replicate_12	-851.54	1709.08	1685.52	317.25	0.8917,0.3498,0.5668
no_mig	Round_3_Replicate_13	-891.4	1788.8	2115.01	197.35	1.0997,1.0514,1.2376
no_mig	Round_3_Replicate_14	-1318.08	2642.16	3116.05	275.19	2.2861,0.2659,0.4058
no_mig	Round_3_Replicate_15	-1238.71	2483.42	2791.75	210.53	2.6152,0.531,0.726
no_mig	Round_3_Replicate_16	-1160.29	2326.58	10143.26	65.14	3.741,3.2705,5.4827
no_mig	Round_3_Replicate_17	-823.16	1652.32	1800.02	251.49	0.9278,0.6583,0.9134
no_mig	Round_3_Replicate_18	-1111.15	2228.3	2307.52	264.05	1.7131,0.3725,0.5473
no_mig	Round_3_Replicate_19	-1109.83	2225.66	6841.39	87.42	2.3284,2.8147,3.7551
no_mig	Round_3_Replicate_20	-905.08	1816.16	1900.67	226.2	0.6793,1.1138,0.9485
no_mig	Round_3_Replicate_21	-860.78	1727.56	2733.3	334.05	0.7214,0.3325,0.7166
no_mig	Round_3_Replicate_22	-843.33	1692.66	2230.69	229.87	0.943,0.7838,1.113
no_mig	Round_3_Replicate_23	-1076.38	2158.76	2214.17	234.89	1.715,0.5526,0.6822
no_mig	Round_3_Replicate_24	-1376.16	2758.32	3599.91	260.31	2.5687,0.2361,0.5022
no_mig	Round_3_Replicate_25	-783.38	1572.76	2326.53	402.9	0.4503,0.2963,0.5725
no_mig	Round_3_Replicate_26	-1017.63	2041.26	6250.06	193.84	1.4177,0.6924,1.695
no_mig	Round_3_Replicate_27	-831.64	1669.28	2344.49	277.52	0.5516,0.7266,0.9017
no_mig	Round_3_Replicate_28	-882.98	1771.96	1781.64	262.18	0.5085,0.9441,0.7684
no_mig	Round_3_Replicate_29	-713.99	1433.98	1023.15	385.53	0.3614,0.4245,0.3899
no_mig	Round_3_Replicate_30	-1010.0	2026.0	4376.98	141.36	1.2538,1.7515,2.1186
no_mig	Round_4_Replicate_1	-755.48	1516.96	1477.99	354.51	0.6198,0.345,0.5351
no_mig	Round_4_Replicate_2	-680.84	1367.68	1155.35	410.25	0.371,0.3396,0.4226
no_mig	Round_4_Replicate_3	-752.02	1510.04	1543.52	314.8	0.5867,0.5212,0.6854
no_mig	Round_4_Replicate_4	-839.9	1685.8	1347.5	294.35	0.5112,0.7467,0.5638
no_mig	Round_4_Replicate_5	-709.32	1424.64	1201.39	364.53	0.4452,0.4303,0.502
no_mig	Round_4_Replicate_6	-715.41	1436.82	1366.81	362.06	0.4684,0.4174,0.5478
no_mig	Round_4_Replicate_7	-664.69	1335.38	1128.59	448.19	0.3306,0.2731,0.362
no_mig	Round_4_Replicate_8	-728.81	1463.62	1260.71	339.95	0.542,0.4549,0.5556
no_mig	Round_4_Replicate_9	-734.71	1475.42	1369.0	338.1	0.5762,0.4344,0.584
no_mig	Round_4_Replicate_10	-725.28	1456.56	1364.48	350.88	0.4543,0.4706,0.5665
no_mig	Round_4_Replicate_11	-711.86	1429.72	1256.3	368.49	0.5007,0.3754,0.4993
no_mig	Round_4_Replicate_12	-788.83	1583.66	1591.05	275.15	0.6977,0.6631,0.7971
no_mig	Round_4_Replicate_13	-689.56	1385.12	1219.98	400.98	0.4135,0.3345,0.4461
no_mig	Round_4_Replicate_14	-691.08	1388.16	1202.28	397.07	0.4246,0.3381,0.4464
no_mig	Round_4_Replicate_15	-699.31	1404.62	1071.17	381.53	0.4083,0.4008,0.4321
no_mig	Round_4_Replicate_16	-707.77	1421.54	1187.48	373.25	0.489,0.3689,0.4715
no_mig	Round_4_Replicate_17	-714.86	1435.72	1214.65	356.25	0.4738,0.4398,0.5185
no_mig	Round_4_Replicate_18	-736.55	1479.1	1363.44	332.07	0.5079,0.5087,0.6033
no_mig	Round_4_Replicate_19	-754.4	1514.8	1364.14	333.7	0.4351,0.5632,0.5787
no_mig	Round_4_Replicate_20	-647.03	1300.06	947.6	469.48	0.2832,0.2542,0.2932
no_mig	Round_4_Replicate_21	-725.85	1457.7	1308.77	345.19	0.54,0.4325,0.5591
no_mig	Round_4_Replicate_22	-666.57	1339.14	1057.59	435.53	0.3526,0.2849,0.3573
no_mig	Round_4_Replicate_23	-738.15	1482.3	1388.17	328.08	0.5455,0.4971,0.6186
no_mig	Round_4_Replicate_24	-706.82	1419.64	1157.58	368.62	0.4321,0.4265,0.4817
no_mig	Round_4_Replicate_25	-653.26	1312.52	1000.81	457.37	0.2983,0.2728,0.3237
no_mig	Round_4_Replicate_26	-769.1	1544.2	1561.94	294.27	0.6591,0.5754,0.7396
no_mig	Round_4_Replicate_27	-646.44	1298.88	927.55	471.14	0.2723,0.2579,0.2868
no_mig	Round_4_Replicate_28	-878.53	1763.06	1579.42	326.04	0.3161,0.7313,0.5024
no_mig	Round_4_Replicate_29	-721.63	1449.26	1285.56	347.71	0.5022,0.4498,0.5534
no_mig	Round_4_Replicate_30	-741.98	1489.96	1491.75	326.71	0.5541,0.4919,0.6465
no_mig	Round_4_Replicate_31	-704.21	1414.42	1277.62	375.69	0.4298,0.4006,0.5045
no_mig	Round_4_Replicate_32	-786.72	1579.44	1580.19	282.4	0.6192,0.6779,0.768
no_mig	Round_4_Replicate_33	-757.03	1520.06	1393.58	307.64	0.5852,0.5686,0.6608
no_mig	Round_4_Replicate_34	-792.22	1590.44	1548.25	281.11	0.6059,0.7016,0.7563
no_mig	Round_4_Replicate_35	-756.43	1518.86	1391.15	308.32	0.6319,0.5319,0.6563
no_mig	Round_4_Replicate_36	-739.62	1485.24	1633.34	343.37	0.5197,0.4426,0.6359
no_mig	Round_4_Replicate_37	-651.66	1309.32	961.44	460.0	0.2862,0.2742,0.3098
no_mig	Round_4_Replicate_38	-679.37	1364.74	1117.16	414.97	0.3426,0.348,0.4067
no_mig	Round_4_Replicate_39	-662.98	1331.96	1099.79	445.68	0.3233,0.284,0.3617
no_mig	Round_4_Replicate_40	-680.78	1367.56	1094.79	406.3	0.3729,0.3492,0.4117
