Model	Replicate	log-likelihood	AIC	chi-squared	theta	optimized_params(nu1, nu2, m, T1, T2)
sec_contact_sym_mig	Round_1_Replicate_1	-3966.07	7942.14	2431663.42	153.15	0.5762,4.3903,0.9836,0.1644,0.6764
sec_contact_sym_mig	Round_1_Replicate_2	-1153.91	2317.82	3125.55	126.76	2.1917,0.6799,0.2402,0.8094,5.139
sec_contact_sym_mig	Round_1_Replicate_3	-2707.72	5425.44	103860.54	113.66	0.4229,2.5314,0.7225,4.1239,0.941
sec_contact_sym_mig	Round_1_Replicate_4	-919.19	1848.38	1580.36	134.1	1.0816,1.649,0.14,0.1347,3.2427
sec_contact_sym_mig	Round_1_Replicate_5	-2445.59	4901.18	135254.68	71.05	2.9469,4.4647,0.187,0.3121,3.3644
sec_contact_sym_mig	Round_1_Replicate_6	-5549.69	11109.38	79815246.67	130.09	0.4505,6.0526,2.2439,0.8866,0.9093
sec_contact_sym_mig	Round_1_Replicate_7	-1984.08	3978.16	18419.87	331.76	0.5453,0.1202,2.4037,2.3268,0.4112
sec_contact_sym_mig	Round_1_Replicate_8	-2250.8	4511.6	60406.08	624.01	0.1666,0.3517,2.8091,4.607,8.0563
sec_contact_sym_mig	Round_1_Replicate_9	-1026.39	2062.78	2834.77	140.87	1.6563,0.2886,0.1448,3.6189,4.3776
sec_contact_sym_mig	Round_1_Replicate_10	-1314.28	2638.56	3463.47	107.1	4.5515,0.642,0.1448,1.4907,2.0604
sec_contact_sym_mig	Round_2_Replicate_1	-830.12	1670.24	1303.95	292.23	0.6327,0.5259,0.3333,0.0822,1.1042
sec_contact_sym_mig	Round_2_Replicate_2	-1461.33	2932.66	9694.42	157.61	1.4346,1.3262,0.2713,0.2049,1.6443
sec_contact_sym_mig	Round_2_Replicate_3	-1517.82	3045.64	10255.16	158.82	1.4949,0.8133,0.4233,0.0994,3.6609
sec_contact_sym_mig	Round_2_Replicate_4	-1268.25	2546.5	3458.77	100.95	0.3448,2.2411,0.0531,0.0714,8.4601
sec_contact_sym_mig	Round_2_Replicate_5	-1007.95	2025.9	2123.51	139.95	0.3771,1.2723,0.0716,0.0294,7.1522
sec_contact_sym_mig	Round_2_Replicate_6	-1227.51	2465.02	3749.48	105.27	1.0856,1.9315,0.215,0.2584,7.6155
sec_contact_sym_mig	Round_2_Replicate_7	-1126.05	2262.1	3078.84	111.33	2.0073,2.3611,0.0643,0.2705,2.069
sec_contact_sym_mig	Round_2_Replicate_8	-1165.0	2340.0	2759.85	106.03	1.6682,3.1318,0.0396,0.1941,2.0223
sec_contact_sym_mig	Round_2_Replicate_9	-1622.17	3254.34	4040.36	153.32	0.4306,3.8593,0.0671,0.0827,0.8242
sec_contact_sym_mig	Round_2_Replicate_10	-745.92	1501.84	1349.58	107.82	1.9757,0.7569,0.0559,0.3079,7.3619
sec_contact_sym_mig	Round_2_Replicate_11	-1467.61	2945.22	9065.91	62.68	2.8685,2.7675,0.1545,0.1467,10.6632
sec_contact_sym_mig	Round_2_Replicate_12	-2914.33	5838.66	406991.4	70.87	2.2005,2.939,0.401,0.0596,9.4093
sec_contact_sym_mig	Round_2_Replicate_13	-948.96	1907.92	1949.17	210.51	0.3101,0.765,0.0841,0.1088,4.0787
sec_contact_sym_mig	Round_2_Replicate_14	-948.47	1906.94	1691.37	135.14	2.88,0.6191,0.061,0.4802,2.3944
sec_contact_sym_mig	Round_2_Replicate_15	-1014.37	2038.74	1738.89	57.45	1.2338,4.5834,0.0489,0.473,10.6844
sec_contact_sym_mig	Round_2_Replicate_16	-1537.7	3085.4	8677.27	114.1	1.9402,3.1096,0.0526,0.4247,1.1659
sec_contact_sym_mig	Round_2_Replicate_17	-1066.02	2142.04	2668.61	95.75	1.7801,1.5545,0.1808,0.0634,8.9562
sec_contact_sym_mig	Round_2_Replicate_18	-948.79	1907.58	1731.47	188.12	1.7077,0.8156,0.0922,0.1545,1.1287
sec_contact_sym_mig	Round_2_Replicate_19	-2126.51	4263.02	53059.22	128.24	2.47,2.3682,0.1352,0.0302,1.2081
sec_contact_sym_mig	Round_2_Replicate_20	-931.51	1873.02	1486.21	173.23	0.4303,1.3497,0.1458,0.0368,3.4785
sec_contact_sym_mig	Round_3_Replicate_1	-757.15	1524.3	1417.82	131.02	1.3612,0.5229,0.1222,0.4833,13.1622
sec_contact_sym_mig	Round_3_Replicate_2	-1038.35	2086.7	2772.16	96.86	2.4905,0.4346,0.1158,0.0668,22.0042
sec_contact_sym_mig	Round_3_Replicate_3	-771.68	1553.36	1098.53	103.02	0.7628,1.421,0.1019,0.3136,27.5322
sec_contact_sym_mig	Round_3_Replicate_4	-1121.01	2252.02	3263.48	108.79	2.912,0.4316,0.0345,0.7791,5.0939
sec_contact_sym_mig	Round_3_Replicate_5	-772.34	1554.68	1415.59	131.17	1.5838,0.544,0.1188,0.8727,7.6231
sec_contact_sym_mig	Round_3_Replicate_6	-970.36	1950.72	2279.95	239.79	0.9711,0.2095,0.3138,0.087,20.3085
sec_contact_sym_mig	Round_3_Replicate_7	-731.85	1473.7	986.52	128.91	0.7527,1.3435,0.0849,0.5962,5.9205
sec_contact_sym_mig	Round_3_Replicate_8	-920.19	1850.38	1734.49	89.92	2.1701,1.6023,0.1284,0.1988,7.4918
sec_contact_sym_mig	Round_3_Replicate_9	-715.22	1440.44	940.7	138.3	0.7143,1.1505,0.1043,0.0873,6.9703
sec_contact_sym_mig	Round_3_Replicate_10	-895.54	1801.08	2106.05	141.31	0.9466,0.3853,0.0962,0.0539,23.0924
sec_contact_sym_mig	Round_3_Replicate_11	-963.92	1937.84	1919.3	104.89	0.5025,1.231,0.0719,0.0744,25.1011
sec_contact_sym_mig	Round_3_Replicate_12	-669.38	1348.76	1000.38	70.42	2.6214,1.5075,0.0359,0.0937,11.8369
sec_contact_sym_mig	Round_3_Replicate_13	-771.32	1552.64	1464.44	92.56	2.0909,0.7351,0.0832,0.1792,14.9924
sec_contact_sym_mig	Round_3_Replicate_14	-989.41	1988.82	2581.64	83.75	2.9854,0.5439,0.0668,0.0935,12.804
sec_contact_sym_mig	Round_3_Replicate_15	-907.57	1825.14	2194.54	95.0	2.2785,0.5296,0.0796,0.0807,14.1541
sec_contact_sym_mig	Round_3_Replicate_16	-738.57	1487.14	1360.71	232.47	0.6476,0.305,0.2007,0.3895,11.5965
sec_contact_sym_mig	Round_3_Replicate_17	-874.01	1758.02	1368.28	81.64	1.5761,2.1515,0.1115,0.6957,9.8276
sec_contact_sym_mig	Round_3_Replicate_18	-970.36	1950.72	2099.35	173.18	2.0061,0.3826,0.0637,0.3318,2.2486
sec_contact_sym_mig	Round_3_Replicate_19	-761.47	1532.94	1419.97	112.4	1.6174,0.6086,0.1095,0.0889,16.557
sec_contact_sym_mig	Round_3_Replicate_20	-1036.1	2082.2	2673.18	115.29	2.6773,0.4225,0.0614,0.0864,5.8458
sec_contact_sym_mig	Round_3_Replicate_21	-975.59	1961.18	2323.11	161.02	1.5875,0.3109,0.1741,0.1753,6.6009
sec_contact_sym_mig	Round_3_Replicate_22	-1519.18	3048.36	6630.29	55.33	6.1259,0.3935,0.0349,0.615,14.4034
sec_contact_sym_mig	Round_3_Replicate_23	-1016.29	2042.58	1955.58	62.2	0.8146,3.1944,0.0564,0.6555,19.7561
sec_contact_sym_mig	Round_3_Replicate_24	-785.92	1581.84	1475.83	142.03	1.8022,0.6505,0.0411,0.4015,3.5944
sec_contact_sym_mig	Round_3_Replicate_25	-882.45	1774.9	1503.41	97.62	0.6103,1.6121,0.0865,0.0614,22.7512
sec_contact_sym_mig	Round_3_Replicate_26	-1081.53	2173.06	3364.09	180.06	1.1739,0.1925,0.171,1.279,27.9764
sec_contact_sym_mig	Round_3_Replicate_27	-694.13	1398.26	913.77	80.45	2.5728,2.1388,0.0213,0.3945,5.6828
sec_contact_sym_mig	Round_3_Replicate_28	-971.84	1953.68	2395.92	146.71	1.9669,0.4006,0.0506,0.045,4.1851
sec_contact_sym_mig	Round_3_Replicate_29	-832.42	1674.84	1734.43	172.98	1.1535,0.341,0.1839,0.1949,12.0594
sec_contact_sym_mig	Round_3_Replicate_30	-1252.95	2515.9	4582.2	62.93	3.8757,0.4335,0.0608,0.2578,29.6875
sec_contact_sym_mig	Round_4_Replicate_1	-714.44	1438.88	1204.62	86.78	2.1658,0.9405,0.0656,0.0544,12.6765
sec_contact_sym_mig	Round_4_Replicate_2	-639.51	1289.02	801.34	52.25	3.052,2.4488,0.0341,0.1001,16.7958
sec_contact_sym_mig	Round_4_Replicate_3	-652.53	1315.06	895.54	75.08	1.9871,1.4408,0.0567,0.1281,15.1168
sec_contact_sym_mig	Round_4_Replicate_4	-641.05	1292.1	824.23	66.55	2.2849,1.924,0.0405,0.1463,13.2298
sec_contact_sym_mig	Round_4_Replicate_5	-654.37	1318.74	909.64	75.68	2.4767,1.5355,0.0383,0.1416,10.0306
sec_contact_sym_mig	Round_4_Replicate_6	-637.65	1285.3	789.24	79.3	2.0681,1.7096,0.0454,0.1427,9.5695
sec_contact_sym_mig	Round_4_Replicate_7	-660.35	1330.7	891.0	104.95	1.9137,1.0862,0.0625,0.1097,6.7269
sec_contact_sym_mig	Round_4_Replicate_8	-638.81	1287.62	796.66	50.02	3.3644,2.7974,0.0251,0.1142,14.917
sec_contact_sym_mig	Round_4_Replicate_9	-637.65	1285.3	786.14	50.8	3.2521,2.699,0.0285,0.1326,15.3394
sec_contact_sym_mig	Round_4_Replicate_10	-638.19	1286.38	784.92	100.06	1.6024,1.4067,0.0547,0.0506,7.2532
sec_contact_sym_mig	Round_4_Replicate_11	-637.66	1285.32	785.92	58.8	2.7848,2.3223,0.0337,0.1525,13.2559
sec_contact_sym_mig	Round_4_Replicate_12	-700.25	1410.5	1155.94	97.85	1.4408,0.8377,0.0837,0.0458,23.6623
sec_contact_sym_mig	Round_4_Replicate_13	-703.79	1417.58	1172.41	108.86	1.2725,0.7444,0.0934,0.0159,24.7698
sec_contact_sym_mig	Round_4_Replicate_14	-637.98	1285.96	779.9	61.97	2.644,2.2794,0.0338,0.0744,12.1245
sec_contact_sym_mig	Round_4_Replicate_15	-639.72	1289.44	796.49	61.14	2.7127,2.3439,0.0297,0.0445,11.9081
sec_contact_sym_mig	Round_4_Replicate_16	-648.81	1307.62	819.01	89.57	1.5227,1.3962,0.0698,0.057,11.8963
sec_contact_sym_mig	Round_4_Replicate_17	-644.23	1298.46	836.07	79.53	2.1401,1.4948,0.053,0.1209,10.731
sec_contact_sym_mig	Round_4_Replicate_18	-718.05	1446.1	1209.87	106.87	1.9044,0.7885,0.0697,0.1471,8.2872
sec_contact_sym_mig	Round_4_Replicate_19	-670.62	1351.24	994.02	78.72	1.8239,1.2017,0.0664,0.0662,19.9386
sec_contact_sym_mig	Round_4_Replicate_20	-695.0	1400.0	857.6	80.91	1.4322,2.1667,0.052,0.1367,9.5171
sec_contact_sym_mig	Round_4_Replicate_21	-679.34	1368.68	837.32	77.59	1.5047,2.0341,0.0552,0.0453,11.6506
sec_contact_sym_mig	Round_4_Replicate_22	-651.32	1312.64	894.06	84.2	1.7509,1.3192,0.0593,0.0927,12.7386
sec_contact_sym_mig	Round_4_Replicate_23	-718.36	1446.72	1165.74	100.9	1.8407,0.8146,0.0951,0.0342,12.6051
sec_contact_sym_mig	Round_4_Replicate_24	-640.65	1291.3	764.08	51.8	3.3742,2.8206,0.0275,0.1101,13.4962
sec_contact_sym_mig	Round_4_Replicate_25	-745.0	1500.0	1275.48	66.88	2.8145,1.1362,0.0686,0.1305,23.1094
sec_contact_sym_mig	Round_4_Replicate_26	-668.8	1347.6	998.08	75.18	2.4315,1.4719,0.0347,0.1592,10.5575
sec_contact_sym_mig	Round_4_Replicate_27	-645.73	1301.46	810.48	68.18	2.7719,1.8805,0.0394,0.1575,10.5023
sec_contact_sym_mig	Round_4_Replicate_28	-649.33	1308.66	865.76	77.49	2.1093,1.4433,0.0572,0.0928,12.6034
sec_contact_sym_mig	Round_4_Replicate_29	-637.77	1285.54	790.81	55.98	2.9852,2.4068,0.0318,0.1447,13.9024
sec_contact_sym_mig	Round_4_Replicate_30	-703.58	1417.16	1181.3	82.22	1.9397,1.066,0.0515,0.0729,14.136
sec_contact_sym_mig	Round_4_Replicate_31	-638.49	1286.98	789.9	69.54	2.2685,1.9169,0.0433,0.0693,11.8865
sec_contact_sym_mig	Round_4_Replicate_32	-652.95	1315.9	900.63	71.38	2.1363,1.504,0.0533,0.0736,15.6573
sec_contact_sym_mig	Round_4_Replicate_33	-640.39	1290.78	830.32	57.08	2.8444,2.2113,0.033,0.0985,14.8562
sec_contact_sym_mig	Round_4_Replicate_34	-748.9	1507.8	1363.83	103.43	2.0988,0.8863,0.0371,0.0345,6.9897
sec_contact_sym_mig	Round_4_Replicate_35	-659.3	1328.6	939.23	69.57	2.052,1.5367,0.0483,0.1059,16.7533
sec_contact_sym_mig	Round_4_Replicate_36	-643.4	1296.8	817.42	59.77	3.1289,2.2336,0.0289,0.0464,11.7568
sec_contact_sym_mig	Round_4_Replicate_37	-686.49	1382.98	1057.48	76.27	2.6712,1.2883,0.0419,0.0583,10.5927
sec_contact_sym_mig	Round_4_Replicate_38	-754.34	1518.68	1008.61	60.2	1.5246,2.8432,0.0513,0.1204,17.6274
sec_contact_sym_mig	Round_4_Replicate_39	-659.89	1329.78	931.12	62.0	3.1304,1.8247,0.0314,0.111,12.4109
sec_contact_sym_mig	Round_4_Replicate_40	-646.88	1303.76	810.27	79.58	1.8076,1.856,0.0418,0.05,9.7415
