Model	Replicate	log-likelihood	AIC	chi-squared	theta	optimized_params(nu1, nu2, m12, m21, T1, T2)
anc_asym_mig	Round_1_Replicate_1	-1145.29	2302.58	16680.93	65.16	3.5582,2.4694,2.0517,6.2301,1.5634,6.082
anc_asym_mig	Round_1_Replicate_2	-763.72	1539.44	1451.75	304.65	0.7639,0.3766,1.1218,3.6744,2.4808,0.4968
anc_asym_mig	Round_1_Replicate_3	-1410.72	2833.44	3457.34	66.4	0.9828,6.098,0.4542,0.5723,6.0329,1.4242
anc_asym_mig	Round_1_Replicate_4	-1861.08	3734.16	3.49515487784e+12	125.34	0.4313,0.1341,7.8435,0.3474,1.5587,6.4831
anc_asym_mig	Round_1_Replicate_5	-683.76	1379.52	1061.59	372.59	0.4167,0.401,1.0353,1.0491,1.5603,0.273
anc_asym_mig	Round_1_Replicate_6	-1821.29	3654.58	120193.31	223.74	1.236,0.2209,0.5014,0.177,3.7769,1.0504
anc_asym_mig	Round_1_Replicate_7	-1456.64	2925.28	3349.55	146.01	0.4153,3.2355,0.8235,0.1672,1.1951,0.217
anc_asym_mig	Round_1_Replicate_8	-1187.04	2386.08	2542.63	238.14	0.4684,1.4399,0.1705,0.2315,0.3454,0.2336
anc_asym_mig	Round_1_Replicate_9	-1432.76	2877.52	14125.69	60.68	1.2468,5.6498,1.247,0.1211,3.0622,3.9474
anc_asym_mig	Round_1_Replicate_10	-962.44	1936.88	3954.69	796.06	0.1625,0.127,0.7633,1.2118,0.9527,0.1464
anc_asym_mig	Round_2_Replicate_1	-891.79	1795.58	1482.89	385.08	0.2663,0.5728,1.6527,2.6505,0.5855,0.2704
anc_asym_mig	Round_2_Replicate_2	-728.96	1469.92	1059.71	219.51	0.5806,0.9076,0.9832,0.2472,3.1828,0.4052
anc_asym_mig	Round_2_Replicate_3	-1177.34	2366.68	3245.41	268.41	0.2103,1.0477,2.1155,0.5069,1.5313,0.3944
anc_asym_mig	Round_2_Replicate_4	-827.63	1667.26	2633.13	871.12	0.1689,0.1314,1.6909,0.457,1.7977,0.1055
anc_asym_mig	Round_2_Replicate_5	-1979.73	3971.46	27776.87	292.53	0.3587,1.0849,1.8941,3.4813,6.168,0.1125
anc_asym_mig	Round_2_Replicate_6	-1257.71	2527.42	5041.11	133.96	1.4489,1.1641,0.398,0.8381,5.9051,0.2337
anc_asym_mig	Round_2_Replicate_7	-779.23	1570.46	1279.38	270.68	0.8493,0.4015,1.2352,1.8859,4.492,0.3933
anc_asym_mig	Round_2_Replicate_8	-2482.43	4976.86	132198.72	211.36	0.6547,1.3685,0.8925,2.5177,2.7694,0.1024
anc_asym_mig	Round_2_Replicate_9	-966.52	1945.04	1699.94	534.38	0.1687,0.3595,0.5832,2.1613,0.5722,0.0936
anc_asym_mig	Round_2_Replicate_10	-1171.12	2354.24	11147.61	708.16	0.2368,0.1301,1.7885,0.2613,0.7205,0.2443
anc_asym_mig	Round_2_Replicate_11	-1384.68	2781.36	6295.89	227.72	0.606,1.1514,0.9279,1.797,1.1441,0.227
anc_asym_mig	Round_2_Replicate_12	-1057.78	2127.56	7473.04	607.89	0.231,0.2013,1.1601,1.2335,1.2019,0.3598
anc_asym_mig	Round_2_Replicate_13	-838.31	1688.62	1760.22	221.17	1.2079,0.5331,1.4798,1.7847,1.4055,0.7339
anc_asym_mig	Round_2_Replicate_14	-873.29	1758.58	1616.97	310.17	0.8791,0.3743,1.0861,0.3991,0.4789,0.2986
anc_asym_mig	Round_2_Replicate_15	-1241.01	2494.02	10586.04	343.14	0.6466,0.208,0.282,0.878,2.6523,0.5361
anc_asym_mig	Round_2_Replicate_16	-1178.07	2368.14	15738.87	535.63	0.2724,0.2717,0.9252,2.5026,3.8546,0.5962
anc_asym_mig	Round_2_Replicate_17	-760.59	1533.18	1181.71	444.91	0.5093,0.2526,1.2273,3.6002,4.9567,0.2268
anc_asym_mig	Round_2_Replicate_18	-2021.53	4055.06	42220.47	224.76	1.4021,0.5385,0.4153,3.2343,1.4333,0.0935
anc_asym_mig	Round_2_Replicate_19	-760.14	1532.28	1213.93	395.17	0.4435,0.4218,0.3913,3.5446,0.7571,0.319
anc_asym_mig	Round_2_Replicate_20	-1017.39	2046.78	3653.98	365.71	0.7329,0.2026,0.6287,0.9626,0.7284,0.35
anc_asym_mig	Round_3_Replicate_1	-674.62	1361.24	1126.89	475.37	0.3437,0.2205,0.398,0.6397,1.0109,0.076
anc_asym_mig	Round_3_Replicate_2	-1146.6	2305.2	2521.45	275.26	1.4398,0.2254,0.4413,1.5581,0.9023,0.1437
anc_asym_mig	Round_3_Replicate_3	-715.02	1442.04	1524.9	603.41	0.2728,0.2302,2.0254,1.3102,2.9302,0.2225
anc_asym_mig	Round_3_Replicate_4	-1009.89	2031.78	1648.5	320.03	0.2026,0.8764,3.491,0.2598,3.5974,0.1734
anc_asym_mig	Round_3_Replicate_5	-1116.87	2245.74	7815.27	524.49	0.1805,0.3851,3.2402,2.3029,1.9095,0.4736
anc_asym_mig	Round_3_Replicate_6	-1976.31	3964.62	484184.45	594.27	0.1945,0.174,1.1355,0.8163,4.6078,0.7367
anc_asym_mig	Round_3_Replicate_7	-1435.11	2882.22	8285.91	367.03	0.7858,0.4309,3.2347,0.2955,1.4318,0.1325
anc_asym_mig	Round_3_Replicate_8	-1218.09	2448.18	2444.67	259.49	0.2543,1.2851,0.896,0.4246,0.6516,0.1393
anc_asym_mig	Round_3_Replicate_9	-1650.92	3313.84	86306.85	362.3	0.4283,0.2586,0.3943,0.5336,1.2551,0.935
anc_asym_mig	Round_3_Replicate_10	-1413.46	2838.92	3696.87	188.03	0.2086,1.5794,0.6236,0.4095,3.904,0.2055
anc_asym_mig	Round_3_Replicate_11	-1341.61	2695.22	5584.2	238.39	0.5091,1.0385,3.0145,2.3901,1.4528,0.239
anc_asym_mig	Round_3_Replicate_12	-788.26	1588.52	1764.9	292.71	0.7828,0.4092,2.8161,2.4675,4.713,0.6117
anc_asym_mig	Round_3_Replicate_13	-761.2	1534.4	1448.35	185.83	0.9688,0.943,1.8273,1.9786,2.0446,0.9803
anc_asym_mig	Round_3_Replicate_14	-1226.11	2464.22	2498.4	294.26	0.1889,1.054,1.8398,0.5798,0.71,0.1259
anc_asym_mig	Round_3_Replicate_15	-1174.67	2361.34	13941.8	692.49	0.2235,0.1771,1.8889,1.0957,6.6478,0.3995
anc_asym_mig	Round_3_Replicate_16	-1282.77	2577.54	7782.69	219.13	0.2931,1.1767,3.001,0.6119,3.7619,0.8911
anc_asym_mig	Round_3_Replicate_17	-1545.2	3102.4	7033.41	300.75	1.5105,0.3409,2.9995,0.7279,0.9049,0.1944
anc_asym_mig	Round_3_Replicate_18	-791.37	1594.74	1222.79	488.76	0.2243,0.3712,0.6548,1.2563,6.7619,0.1244
anc_asym_mig	Round_3_Replicate_19	-802.62	1617.24	1208.71	308.43	0.712,0.4246,0.4275,2.2181,5.5913,0.2491
anc_asym_mig	Round_3_Replicate_20	-1169.67	2351.34	2995.72	186.56	0.3089,1.5891,3.0992,0.2882,3.3241,0.6113
anc_asym_mig	Round_3_Replicate_21	-967.63	1947.26	4841.03	766.73	0.1592,0.1834,1.2032,1.2626,6.2713,0.225
anc_asym_mig	Round_3_Replicate_22	-705.89	1423.78	1075.43	488.34	0.3106,0.3431,2.7391,1.3887,3.8853,0.244
anc_asym_mig	Round_3_Replicate_23	-1234.48	2480.96	3404.88	247.49	0.4324,1.1919,1.0742,0.5888,0.6756,0.1437
anc_asym_mig	Round_3_Replicate_24	-1157.86	2327.72	3248.18	141.73	0.8795,1.5303,0.6146,0.5386,4.7519,0.2413
anc_asym_mig	Round_3_Replicate_25	-2843.84	5699.68	404273.29	162.37	1.5157,0.9317,2.0069,3.2132,2.9318,0.131
anc_asym_mig	Round_3_Replicate_26	-872.67	1757.34	1892.21	266.77	1.1296,0.3955,0.2749,4.1664,0.6516,0.5941
anc_asym_mig	Round_3_Replicate_27	-949.13	1910.26	1644.73	310.71	0.3856,0.7067,1.2856,1.1497,0.8,0.1863
anc_asym_mig	Round_3_Replicate_28	-669.3	1350.6	869.47	301.68	0.5618,0.4071,0.311,0.7196,3.7301,0.1337
anc_asym_mig	Round_3_Replicate_29	-1146.57	2305.14	2969.13	376.49	0.8454,0.1995,1.3693,0.3231,0.7026,0.1759
anc_asym_mig	Round_3_Replicate_30	-902.89	1817.78	2458.87	336.04	0.3779,0.6625,0.5366,3.6423,0.6278,0.5578
anc_asym_mig	Round_4_Replicate_1	-667.46	1346.92	826.18	218.32	0.748,0.6446,0.2904,0.2928,3.1881,0.1368
anc_asym_mig	Round_4_Replicate_2	-733.6	1479.2	1151.01	256.25	0.4592,0.7209,0.5885,0.4719,2.6694,0.318
anc_asym_mig	Round_4_Replicate_3	-673.54	1359.08	984.97	542.7	0.3379,0.2085,0.3351,1.4755,5.0521,0.0908
anc_asym_mig	Round_4_Replicate_4	-664.74	1341.48	901.86	370.6	0.4754,0.3028,0.1884,0.734,1.9057,0.0719
anc_asym_mig	Round_4_Replicate_5	-731.0	1474.0	995.27	163.22	1.0777,0.7886,0.4485,0.3821,13.631,0.2983
anc_asym_mig	Round_4_Replicate_6	-752.88	1517.76	1033.12	312.67	0.4991,0.5133,0.3624,1.1361,3.1824,0.1974
anc_asym_mig	Round_4_Replicate_7	-655.35	1322.7	916.5	279.88	0.5774,0.4228,0.3706,0.5696,6.7666,0.1683
anc_asym_mig	Round_4_Replicate_8	-659.38	1330.76	931.65	451.17	0.3783,0.2482,0.4233,1.0383,4.9954,0.0964
anc_asym_mig	Round_4_Replicate_9	-742.98	1497.96	1463.66	379.84	0.3422,0.4157,0.4549,0.9815,6.8294,0.2546
anc_asym_mig	Round_4_Replicate_10	-719.47	1450.94	1112.87	313.14	0.7469,0.2773,0.1825,1.0619,4.4561,0.1348
anc_asym_mig	Round_4_Replicate_11	-662.36	1336.72	789.06	258.89	0.5306,0.542,0.4188,0.3692,4.5686,0.0965
anc_asym_mig	Round_4_Replicate_12	-715.96	1443.92	1080.16	209.87	0.9933,0.5968,0.2502,1.0766,6.6363,0.4392
anc_asym_mig	Round_4_Replicate_13	-752.65	1517.3	1286.55	220.88	1.071,0.4988,0.3723,1.3475,3.4396,0.4927
anc_asym_mig	Round_4_Replicate_14	-659.82	1331.64	999.32	284.05	0.5475,0.4186,0.2933,0.5385,5.3032,0.1723
anc_asym_mig	Round_4_Replicate_15	-691.38	1394.76	949.36	208.3	0.8864,0.5212,0.3017,0.3345,5.1518,0.1252
anc_asym_mig	Round_4_Replicate_16	-686.63	1385.26	991.48	389.87	0.4821,0.3167,0.4543,1.4145,5.0575,0.1878
anc_asym_mig	Round_4_Replicate_17	-778.94	1569.88	1386.05	242.89	0.9832,0.3487,0.3658,0.953,5.9634,0.2823
anc_asym_mig	Round_4_Replicate_18	-686.74	1385.48	999.26	347.49	0.5494,0.3516,0.2987,1.1563,2.44,0.1913
anc_asym_mig	Round_4_Replicate_19	-673.18	1358.36	949.35	419.24	0.3917,0.2809,0.2154,0.9063,2.1334,0.0814
anc_asym_mig	Round_4_Replicate_20	-672.07	1356.14	964.2	278.26	0.5809,0.5187,0.4241,0.4425,2.0708,0.2152
anc_asym_mig	Round_4_Replicate_21	-673.74	1359.48	933.47	230.7	0.7884,0.5518,0.2053,0.4679,3.0344,0.2012
anc_asym_mig	Round_4_Replicate_22	-689.5	1391.0	1013.29	389.82	0.5427,0.2604,0.203,1.2307,2.6566,0.1208
anc_asym_mig	Round_4_Replicate_23	-668.98	1349.96	930.57	203.53	0.9043,0.4965,0.1996,0.4129,7.0246,0.141
anc_asym_mig	Round_4_Replicate_24	-674.62	1361.24	846.07	214.97	0.6634,0.7194,0.41,0.3361,4.0059,0.2132
anc_asym_mig	Round_4_Replicate_25	-659.23	1330.46	919.72	312.27	0.4532,0.3692,0.2176,0.4499,3.9135,0.0653
anc_asym_mig	Round_4_Replicate_26	-754.83	1521.66	1101.24	229.14	0.887,0.6271,0.1864,1.2546,5.1032,0.3678
anc_asym_mig	Round_4_Replicate_27	-702.63	1417.26	1045.84	308.6	0.7018,0.3559,0.1784,1.1435,3.1723,0.2004
anc_asym_mig	Round_4_Replicate_28	-683.02	1378.04	1054.1	308.56	0.5935,0.4038,0.331,1.0501,8.0989,0.2583
anc_asym_mig	Round_4_Replicate_29	-678.74	1369.48	1002.78	367.44	0.5075,0.3237,0.3865,1.143,2.6866,0.1832
anc_asym_mig	Round_4_Replicate_30	-653.71	1319.42	920.68	375.46	0.4194,0.3208,0.4867,0.726,3.6518,0.1251
anc_asym_mig	Round_4_Replicate_31	-708.9	1429.8	953.77	272.56	0.7772,0.3683,0.201,0.8319,4.4007,0.1096
anc_asym_mig	Round_4_Replicate_32	-752.91	1517.82	1307.05	224.78	1.0195,0.4358,0.4381,1.0836,6.4502,0.4118
anc_asym_mig	Round_4_Replicate_33	-663.08	1338.16	987.79	305.38	0.5787,0.3215,0.2515,0.6161,7.6147,0.1082
anc_asym_mig	Round_4_Replicate_34	-823.95	1659.9	1372.5	226.81	1.0881,0.4083,0.3996,0.5037,3.0238,0.1711
anc_asym_mig	Round_4_Replicate_35	-729.6	1471.2	1127.95	271.02	0.477,0.6238,0.4723,0.8131,7.6898,0.3145
anc_asym_mig	Round_4_Replicate_36	-673.37	1358.74	965.38	316.12	0.5664,0.3826,0.3872,0.9245,4.5509,0.2029
anc_asym_mig	Round_4_Replicate_37	-660.62	1333.24	865.51	253.14	0.6154,0.5028,0.3456,0.563,8.5617,0.1811
anc_asym_mig	Round_4_Replicate_38	-670.44	1352.88	910.21	218.98	0.8537,0.5005,0.1601,0.551,6.262,0.17
anc_asym_mig	Round_4_Replicate_39	-805.09	1622.18	1102.36	225.74	0.497,0.7585,0.2592,0.5029,7.5265,0.1114
anc_asym_mig	Round_4_Replicate_40	-679.81	1371.62	934.84	246.29	0.7408,0.5515,0.1784,0.4407,2.2009,0.1736
