Model	Replicate	log-likelihood	AIC	chi-squared	theta	optimized_params(nu1a, nu2a, nu1b, nu2b, m, T1, T2)
anc_sym_mig_size	Round_1_Replicate_1	-1574.56	3163.12	5485.49	99.67	1.3572,0.3354,5.9687,2.4008,1.0515,1.53,1.2508
anc_sym_mig_size	Round_1_Replicate_2	-2830.48	5674.96	184751963.63	442.64	3.5358,0.1872,0.1834,0.188,4.224,4.0746,1.4756
anc_sym_mig_size	Round_1_Replicate_3	-1470.16	2954.32	3107.75	253.99	0.1908,0.2188,0.6876,5.0693,0.4726,3.2094,0.2172
anc_sym_mig_size	Round_1_Replicate_4	-1007.95	2029.9	2218.62	132.93	0.3672,6.4825,4.7349,0.4554,0.1193,3.7223,0.1718
anc_sym_mig_size	Round_1_Replicate_5	-2422.8	4859.6	180093.19	134.4	6.9343,2.2188,0.5639,1.7971,1.7239,1.3032,0.1663
anc_sym_mig_size	Round_1_Replicate_6	-806.47	1626.94	2524.36	262.88	4.6882,0.19,0.3636,0.5807,0.4984,2.3829,0.3843
anc_sym_mig_size	Round_1_Replicate_7	-6283.3	12580.6	402318309.01	170.14	5.9802,0.8279,5.9291,5.248,3.6584,0.1614,0.1942
anc_sym_mig_size	Round_1_Replicate_8	-1799.78	3613.56	256253.32	223.23	0.5636,0.8704,0.7261,0.4116,1.3076,4.2904,2.2
anc_sym_mig_size	Round_1_Replicate_9	-2761.2	5536.4	55907210.62	461.43	1.5614,0.1464,0.1559,0.1904,0.5741,0.5141,1.1241
anc_sym_mig_size	Round_1_Replicate_10	-1576.48	3166.96	99342.89	192.87	0.141,0.4278,1.3137,0.5319,0.3919,6.4924,1.8293
anc_sym_mig_size	Round_2_Replicate_1	-1099.56	2213.12	5943.32	198.63	1.3201,0.1148,1.3788,0.7995,0.311,1.6397,0.6584
anc_sym_mig_size	Round_2_Replicate_2	-849.49	1712.98	1601.0	134.91	9.7211,0.5958,0.3133,1.2707,0.6559,6.6679,0.1726
anc_sym_mig_size	Round_2_Replicate_3	-1059.48	2132.96	2534.49	165.94	4.2534,0.3795,1.4088,0.5074,0.3354,2.3279,0.3939
anc_sym_mig_size	Round_2_Replicate_4	-1318.09	2650.18	5392.45	154.06	11.9481,0.2023,0.8565,0.385,0.1872,2.9529,0.2924
anc_sym_mig_size	Round_2_Replicate_5	-1245.91	2505.82	2779.73	208.83	1.1778,0.0977,1.1031,1.9053,0.8873,1.0318,0.456
anc_sym_mig_size	Round_2_Replicate_6	-1308.31	2630.62	4741.64	202.16	1.7613,0.1802,1.2051,0.2048,0.2048,3.2876,0.1365
anc_sym_mig_size	Round_2_Replicate_7	-1058.56	2131.12	3807.83	214.21	13.9491,0.6386,1.1914,0.3324,0.9227,1.2064,0.7
anc_sym_mig_size	Round_2_Replicate_8	-1746.46	3506.92	76575.62	240.34	1.5003,0.6529,1.184,0.2134,0.2742,1.0234,1.0783
anc_sym_mig_size	Round_2_Replicate_9	-728.47	1470.94	1786.14	549.32	2.6417,0.22,0.1231,0.1869,1.8388,0.9168,0.1912
anc_sym_mig_size	Round_2_Replicate_10	-809.72	1633.44	1115.13	298.05	9.4666,0.4478,0.1547,1.1614,0.3009,0.6354,0.1461
anc_sym_mig_size	Round_2_Replicate_11	-1428.43	2870.86	3967.14	175.36	8.7858,0.4404,1.1973,0.3621,0.3447,1.2092,0.1285
anc_sym_mig_size	Round_2_Replicate_12	-1195.87	2405.74	4974.55	263.94	2.5512,0.0855,0.3286,1.6051,1.4881,1.3049,0.6012
anc_sym_mig_size	Round_2_Replicate_13	-1482.79	2979.58	5572.23	159.0	5.8507,0.0885,0.9517,0.7168,0.243,2.8583,0.2109
anc_sym_mig_size	Round_2_Replicate_14	-1026.87	2067.74	2516.15	348.83	7.4739,0.0677,0.1487,1.162,0.8768,2.0264,0.1785
anc_sym_mig_size	Round_2_Replicate_15	-1771.68	3557.36	29078.62	299.17	3.1845,0.1085,0.1297,0.447,0.249,4.4809,0.3857
anc_sym_mig_size	Round_2_Replicate_16	-1426.72	2867.44	4147.4	181.35	3.0758,0.1114,0.7976,1.73,0.4348,3.2189,0.1614
anc_sym_mig_size	Round_2_Replicate_17	-856.17	1726.34	1409.38	277.85	6.9024,0.3659,0.3095,0.8532,0.3149,0.6268,0.1445
anc_sym_mig_size	Round_2_Replicate_18	-2500.28	5014.56	7046440.94	343.1	5.5707,0.1369,0.1427,0.4728,0.1466,0.9171,1.0204
anc_sym_mig_size	Round_2_Replicate_19	-1386.16	2786.32	8484.89	283.43	1.8073,0.1465,0.198,1.3523,1.4095,5.2568,0.5804
anc_sym_mig_size	Round_2_Replicate_20	-2005.8	4025.6	244505.22	135.58	16.3171,0.0469,1.0276,0.2856,0.1634,6.8588,1.1081
anc_sym_mig_size	Round_3_Replicate_1	-879.69	1773.38	2761.8	668.06	0.8771,0.0789,0.0971,0.1253,1.0135,3.1886,0.1009
anc_sym_mig_size	Round_3_Replicate_2	-942.23	1898.46	3209.0	507.44	2.019,0.1267,0.3522,0.1451,3.2709,0.229,0.2963
anc_sym_mig_size	Round_3_Replicate_3	-1713.29	3440.58	50564.89	617.59	5.7997,0.1093,0.2024,0.0823,1.7802,1.8641,0.3558
anc_sym_mig_size	Round_3_Replicate_4	-2652.58	5319.16	17215479.31	745.66	1.6243,0.0606,0.0975,0.1171,4.4909,0.2735,0.6822
anc_sym_mig_size	Round_3_Replicate_5	-628.25	1270.5	987.93	392.96	9.2728,0.379,0.1435,0.2222,0.531,0.6511,0.1077
anc_sym_mig_size	Round_3_Replicate_6	-698.85	1411.7	1110.22	357.38	1.1135,0.1817,0.1218,0.4312,0.5266,2.8132,0.0607
anc_sym_mig_size	Round_3_Replicate_7	-2154.06	4322.12	61971.99	430.93	3.8404,0.1547,0.0572,0.7263,6.2756,0.3077,0.3516
anc_sym_mig_size	Round_3_Replicate_8	-2095.63	4205.26	6928387682.31	584.24	1.0888,0.0674,0.0261,0.1693,2.0895,1.6376,0.7302
anc_sym_mig_size	Round_3_Replicate_9	-638.76	1291.52	910.98	458.34	8.8443,0.5579,0.1848,0.1671,1.2465,0.2805,0.1377
anc_sym_mig_size	Round_3_Replicate_10	-936.03	1886.06	2150.68	463.53	6.262,0.2066,0.3362,0.1089,4.7366,0.829,0.1564
anc_sym_mig_size	Round_3_Replicate_11	-1152.43	2318.86	10972.85	468.32	2.5678,0.0577,0.2191,0.2333,0.7441,1.3636,0.3234
anc_sym_mig_size	Round_3_Replicate_12	-1309.19	2632.38	6125.18	505.24	1.1509,0.1041,0.337,0.0796,0.8675,0.3007,0.1552
anc_sym_mig_size	Round_3_Replicate_13	-882.84	1779.68	3276.11	784.84	2.8233,0.0939,0.1104,0.1201,4.3086,0.3731,0.1907
anc_sym_mig_size	Round_3_Replicate_14	-872.15	1758.3	3437.65	486.76	1.045,0.1216,0.2465,0.2491,0.4808,0.3101,0.241
anc_sym_mig_size	Round_3_Replicate_15	-622.8	1259.6	998.73	471.53	2.5796,0.2017,0.1211,0.26,1.2724,0.966,0.132
anc_sym_mig_size	Round_3_Replicate_16	-632.65	1279.3	918.03	650.91	1.2155,0.099,0.0457,0.2025,1.376,0.4155,0.0448
anc_sym_mig_size	Round_3_Replicate_17	-754.7	1523.4	1568.1	545.19	1.6239,0.1009,0.0902,0.1602,0.9625,0.7893,0.0632
anc_sym_mig_size	Round_3_Replicate_18	-851.56	1717.12	1338.43	409.14	7.0949,0.0965,0.1624,0.7294,1.4379,0.6632,0.115
anc_sym_mig_size	Round_3_Replicate_19	-667.01	1348.02	1094.51	470.12	8.1443,0.3737,0.2543,0.1776,2.7647,0.2254,0.1989
anc_sym_mig_size	Round_3_Replicate_20	-888.45	1790.9	4305.73	442.2	1.3619,0.1099,0.3096,0.3397,1.493,0.5356,0.4421
anc_sym_mig_size	Round_3_Replicate_21	-592.43	1198.86	793.69	520.27	3.5498,0.2828,0.1029,0.1484,2.8359,0.6973,0.1056
anc_sym_mig_size	Round_3_Replicate_22	-2831.43	5676.86	9961286.85	527.92	2.432,0.3581,0.1865,0.0746,3.0736,3.3623,0.6992
anc_sym_mig_size	Round_3_Replicate_23	-1025.6	2065.2	2301.2	468.81	1.73,0.1712,0.3435,0.1141,3.1894,1.349,0.1103
anc_sym_mig_size	Round_3_Replicate_24	-1246.02	2506.04	5983.52	776.87	1.41,0.4563,0.071,0.0661,3.7528,0.5206,0.1578
anc_sym_mig_size	Round_3_Replicate_25	-631.81	1277.62	836.69	526.05	7.2319,0.5067,0.0878,0.1705,1.5727,0.2404,0.1083
anc_sym_mig_size	Round_3_Replicate_26	-2589.44	5192.88	1151296.53	687.37	6.7419,0.0695,0.0961,0.0866,0.5828,0.6876,0.3972
anc_sym_mig_size	Round_3_Replicate_27	-1128.67	2271.34	5810.65	397.71	3.2972,0.4702,0.4627,0.1454,0.8966,0.5092,0.3925
anc_sym_mig_size	Round_3_Replicate_28	-1468.91	2951.82	12825.49	764.9	3.2643,0.0782,0.0785,0.0564,1.2968,1.5186,0.1297
anc_sym_mig_size	Round_3_Replicate_29	-748.64	1511.28	1523.26	312.03	5.476,0.2214,0.4277,0.6233,3.7552,1.6991,0.5446
anc_sym_mig_size	Round_3_Replicate_30	-1442.28	2898.56	4763.75	421.73	1.6667,0.5984,0.0565,0.4855,5.7343,0.2276,0.1564
anc_sym_mig_size	Round_4_Replicate_1	-597.2	1208.4	822.93	595.94	2.1096,0.2869,0.0933,0.1092,4.9097,0.4748,0.0972
anc_sym_mig_size	Round_4_Replicate_2	-610.41	1234.82	911.35	484.74	2.4381,0.3103,0.1698,0.1865,3.1349,0.7489,0.1714
anc_sym_mig_size	Round_4_Replicate_3	-583.32	1180.64	762.94	584.02	2.7598,0.2254,0.0594,0.1098,1.6347,0.3302,0.0557
anc_sym_mig_size	Round_4_Replicate_4	-616.14	1246.28	1024.16	469.48	3.9596,0.4273,0.1638,0.1763,1.6181,0.5328,0.1687
anc_sym_mig_size	Round_4_Replicate_5	-604.02	1222.04	912.86	533.58	4.8262,0.2241,0.1157,0.1771,2.3031,0.5317,0.1272
anc_sym_mig_size	Round_4_Replicate_6	-598.72	1211.44	830.82	467.54	2.1947,0.493,0.103,0.1071,2.1297,0.8703,0.0882
anc_sym_mig_size	Round_4_Replicate_7	-600.74	1215.48	811.94	433.55	4.5622,0.4902,0.1565,0.159,5.8306,1.001,0.1504
anc_sym_mig_size	Round_4_Replicate_8	-598.5	1211.0	798.77	515.58	2.2811,0.2354,0.1074,0.1959,2.1216,0.6986,0.1121
anc_sym_mig_size	Round_4_Replicate_9	-596.67	1207.34	798.04	546.3	3.733,0.2009,0.1018,0.1712,2.8985,0.7023,0.1049
anc_sym_mig_size	Round_4_Replicate_10	-603.09	1220.18	882.16	489.57	6.0583,0.3962,0.1417,0.1858,1.6491,0.3675,0.1486
anc_sym_mig_size	Round_4_Replicate_11	-595.24	1204.48	806.39	516.47	2.4903,0.441,0.0934,0.1024,4.8638,0.8294,0.0939
anc_sym_mig_size	Round_4_Replicate_12	-619.03	1252.06	821.89	486.05	6.829,0.1952,0.1391,0.2429,3.0831,0.9531,0.1382
anc_sym_mig_size	Round_4_Replicate_13	-586.62	1187.24	782.05	546.04	7.2004,0.2631,0.078,0.1184,3.1513,0.715,0.0822
anc_sym_mig_size	Round_4_Replicate_14	-622.45	1258.9	965.65	543.66	5.7352,0.1874,0.1581,0.1708,4.0168,0.6894,0.1525
anc_sym_mig_size	Round_4_Replicate_15	-626.59	1267.18	1026.66	493.13	2.2021,0.2338,0.1633,0.1902,1.8844,0.749,0.1546
anc_sym_mig_size	Round_4_Replicate_16	-634.32	1282.64	1120.5	543.6	3.0845,0.4003,0.1101,0.0916,4.7429,0.8543,0.114
anc_sym_mig_size	Round_4_Replicate_17	-714.32	1442.64	928.45	402.61	2.3269,0.4415,0.0966,0.2562,3.7555,1.3378,0.1182
anc_sym_mig_size	Round_4_Replicate_18	-600.22	1214.44	852.87	525.8	2.195,0.3372,0.1239,0.1439,4.3889,0.8119,0.1338
anc_sym_mig_size	Round_4_Replicate_19	-630.7	1275.4	957.83	648.22	2.05,0.1689,0.1541,0.1386,6.7686,1.1523,0.1392
anc_sym_mig_size	Round_4_Replicate_20	-606.03	1226.06	842.98	543.32	3.1939,0.25,0.1352,0.1748,4.1935,0.386,0.1456
anc_sym_mig_size	Round_4_Replicate_21	-602.67	1219.34	827.76	461.49	2.3456,0.4555,0.1347,0.1736,3.6887,0.9422,0.1511
anc_sym_mig_size	Round_4_Replicate_22	-604.6	1223.2	794.07	409.04	5.4581,0.5492,0.1226,0.2207,1.5354,0.765,0.1352
anc_sym_mig_size	Round_4_Replicate_23	-601.48	1216.96	861.93	687.81	4.6314,0.1488,0.0956,0.1247,6.4045,0.6417,0.1049
anc_sym_mig_size	Round_4_Replicate_24	-602.08	1218.16	862.26	531.93	7.3474,0.4159,0.1082,0.1459,3.1498,0.384,0.1269
anc_sym_mig_size	Round_4_Replicate_25	-641.2	1296.4	806.41	478.69	4.0376,0.2524,0.1565,0.2347,3.7638,0.4426,0.1411
anc_sym_mig_size	Round_4_Replicate_26	-592.24	1198.48	783.21	513.89	2.6751,0.3599,0.1008,0.1591,1.5249,0.391,0.1011
anc_sym_mig_size	Round_4_Replicate_27	-614.83	1243.66	830.56	480.81	2.5893,0.2766,0.1731,0.2149,4.6885,1.0093,0.1775
anc_sym_mig_size	Round_4_Replicate_28	-594.11	1202.22	809.12	519.71	3.7282,0.2684,0.1029,0.1443,2.3821,0.6186,0.0982
anc_sym_mig_size	Round_4_Replicate_29	-629.76	1273.52	745.64	488.33	2.8764,0.3877,0.087,0.1577,3.384,0.5762,0.0867
anc_sym_mig_size	Round_4_Replicate_30	-594.15	1202.3	783.45	528.35	1.9788,0.2636,0.1025,0.1679,2.0041,0.5175,0.1014
anc_sym_mig_size	Round_4_Replicate_31	-600.72	1215.44	949.62	468.21	4.6566,0.3045,0.1071,0.1394,1.9019,1.2613,0.1119
anc_sym_mig_size	Round_4_Replicate_32	-598.07	1210.14	883.84	491.1	2.5038,0.3361,0.1182,0.1401,2.6837,1.1632,0.123
anc_sym_mig_size	Round_4_Replicate_33	-630.79	1275.58	1066.15	493.15	7.3347,0.1824,0.1548,0.2345,2.1103,0.6872,0.1663
anc_sym_mig_size	Round_4_Replicate_34	-599.24	1212.48	819.7	497.87	1.8883,0.4956,0.0854,0.0962,5.0505,1.2225,0.0906
anc_sym_mig_size	Round_4_Replicate_35	-611.37	1236.74	808.43	510.12	2.6566,0.4359,0.1148,0.1708,3.5269,0.4256,0.1323
anc_sym_mig_size	Round_4_Replicate_36	-664.15	1342.3	813.3	481.83	2.9003,0.4599,0.1134,0.1996,5.8515,0.3757,0.1214
anc_sym_mig_size	Round_4_Replicate_37	-591.67	1197.34	718.06	566.07	3.9046,0.186,0.0692,0.156,2.3937,0.4232,0.0671
anc_sym_mig_size	Round_4_Replicate_38	-594.35	1202.7	770.3	604.32	2.1028,0.2228,0.0818,0.1203,3.6477,0.4093,0.0834
anc_sym_mig_size	Round_4_Replicate_39	-605.12	1224.24	823.64	653.68	3.7496,0.1479,0.0999,0.1564,5.0291,0.9552,0.108
anc_sym_mig_size	Round_4_Replicate_40	-591.34	1196.68	797.75	449.65	2.3871,0.3694,0.116,0.1794,1.7692,1.0566,0.1198
