Model	Replicate	log-likelihood	AIC	chi-squared	theta	optimized_params( )
sym_mig	Round_1_Replicate_1	-476.15	960.3	571.75	429.99	0.33,0.2753,0.2759,0.8528
sym_mig	Round_1_Replicate_2	-7182.39	14372.78	40146874463.2	52.58	2.72,7.1758,4.8034,4.7965
sym_mig	Round_1_Replicate_3	-2221.59	4451.18	58293.74	109.05	4.5185,0.6713,0.4644,3.7992
sym_mig	Round_2_Replicate_1	-570.25	1148.5	893.16	401.4	0.2539,0.4217,0.0744,0.4792
sym_mig	Round_2_Replicate_2	-1201.35	2410.7	3134.15	340.21	1.2311,0.1402,0.4655,0.3826
sym_mig	Round_2_Replicate_3	-621.59	1251.18	1813.97	332.51	0.5275,0.3393,0.0769,1.1639
sym_mig	Round_3_Replicate_1	-490.62	989.24	680.65	382.17	0.4025,0.3321,0.1819,0.8315
sym_mig	Round_3_Replicate_2	-509.41	1026.82	705.95	339.42	0.5187,0.3782,0.1482,0.8757
sym_mig	Round_3_Replicate_3	-467.93	943.86	474.19	513.94	0.2516,0.2106,0.4328,0.8059
