Model	Replicate	log-likelihood	AIC	chi-squared	theta	optimized_params(nuA, nu1, nu2, T, s, f)
vic_no_mig_admix_late	Round_1_Replicate_1	-4532.08	9076.16	1057614834.78	460.41	0.2391,0.4804,0.3251,1.0405,0.1866,0.8203
vic_no_mig_admix_late	Round_1_Replicate_2	-1761.85	3535.7	16820.65	154.67	3.112,1.6752,0.1387,1.3978,0.495,0.077
vic_no_mig_admix_late	Round_1_Replicate_3	-5704.05	11420.1	52809036772.5	172.23	1.3402,0.9482,2.5181,1.64,0.0807,0.8848
vic_no_mig_admix_late	Round_1_Replicate_4	-10172.78	20357.56	9.30592919903e+13	93.27	4.7435,0.3749,0.2097,2.8872,0.0389,0.6775
vic_no_mig_admix_late	Round_1_Replicate_5	-6292.01	12596.02	1.76802590975e+11	104.63	5.7925,2.5997,0.4909,1.3617,0.4864,0.6738
vic_no_mig_admix_late	Round_1_Replicate_6	-3501.02	7014.04	1.62670045291e+14	216.27	0.4465,0.1768,0.3651,5.0457,0.1108,0.0466
vic_no_mig_admix_late	Round_1_Replicate_7	-6106.98	12225.96	5325509293.78	790.45	0.2689,0.3059,2.9439,0.4817,0.3378,0.9804
vic_no_mig_admix_late	Round_1_Replicate_8	-6988.3	13988.6	6054607882.49	246.41	2.6554,1.6188,0.175,0.2274,0.4835,0.2857
vic_no_mig_admix_late	Round_1_Replicate_9	-8112.45	16236.9	30484044105.1	216.32	5.9182,2.3438,0.2881,0.1884,0.4864,0.1464
vic_no_mig_admix_late	Round_1_Replicate_10	-3368.39	6748.78	1.47250111924e+11	507.24	0.1697,0.3451,4.7456,1.5405,0.4921,0.0843
vic_no_mig_admix_late	Round_2_Replicate_1	-910.97	1833.94	1627.21	333.88	1.0587,0.6577,0.0401,0.4935,0.4043,0.0271
vic_no_mig_admix_late	Round_2_Replicate_2	-5252.93	10517.86	38747928.31	123.43	6.7254,5.6131,0.0486,0.9906,0.2118,0.283
vic_no_mig_admix_late	Round_2_Replicate_3	-1891.03	3794.06	36076144.27	196.39	1.1747,0.9826,0.1164,3.8374,0.3032,0.0345
vic_no_mig_admix_late	Round_2_Replicate_4	-1403.01	2818.02	6380.84	157.99	3.1936,1.9123,0.1157,1.2372,0.4864,0.0386
vic_no_mig_admix_late	Round_2_Replicate_5	-2604.39	5220.78	142827.73	64.9	6.2725,3.3466,0.0881,5.8653,0.312,0.2289
vic_no_mig_admix_late	Round_2_Replicate_6	-2179.51	4371.02	43798.65	213.42	1.083,1.6005,0.4695,2.3618,0.4798,0.1161
vic_no_mig_admix_late	Round_2_Replicate_7	-2379.85	4771.7	32588.62	218.94	2.1043,0.416,0.0311,1.0502,0.1864,0.1449
vic_no_mig_admix_late	Round_2_Replicate_8	-3478.44	6968.88	1270047.3	97.49	7.4881,0.5148,0.1877,1.4489,0.4864,0.1189
vic_no_mig_admix_late	Round_2_Replicate_9	-2824.18	5660.36	775680.06	60.65	7.5789,2.6086,0.1107,4.8884,0.435,0.2803
vic_no_mig_admix_late	Round_2_Replicate_10	-3990.08	7992.16	6232044.8	242.8	2.1813,1.4602,0.1011,0.4024,0.3343,0.191
vic_no_mig_admix_late	Round_2_Replicate_11	-2507.6	5027.2	124317.75	195.11	1.8426,2.3555,0.3885,1.4929,0.4826,0.2282
vic_no_mig_admix_late	Round_2_Replicate_12	-2513.26	5038.52	87145.72	154.02	2.7189,0.5127,0.3473,1.9037,0.495,0.1537
vic_no_mig_admix_late	Round_2_Replicate_13	-3199.4	6410.8	701073.92	158.25	1.5537,3.5054,0.0352,3.6665,0.2703,0.2885
vic_no_mig_admix_late	Round_2_Replicate_14	-3837.19	7686.38	2459942.64	246.09	1.8545,0.7945,0.2675,0.4699,0.4793,0.2273
vic_no_mig_admix_late	Round_2_Replicate_15	-2738.11	5488.22	194508.56	144.54	3.162,3.425,0.1461,1.7414,0.4748,0.1629
vic_no_mig_admix_late	Round_2_Replicate_16	-1246.62	2505.24	2918.67	209.42	2.5096,0.5058,0.0832,1.0375,0.1793,0.0353
vic_no_mig_admix_late	Round_2_Replicate_17	-2196.57	4405.14	881680413.13	227.91	0.9702,1.7292,0.1599,3.3143,0.2111,0.0521
vic_no_mig_admix_late	Round_2_Replicate_18	-1460.79	2933.58	5733.93	373.56	0.8262,2.1654,0.0537,0.4663,0.4798,0.0878
vic_no_mig_admix_late	Round_2_Replicate_19	-1111.64	2235.28	2539.92	165.0	2.9074,2.7749,0.3212,1.5774,0.3031,0.0318
vic_no_mig_admix_late	Round_2_Replicate_20	-3735.82	7483.64	2073532.36	168.84	6.057,2.0866,0.0588,0.477,0.3192,0.0189
vic_no_mig_admix_late	Round_3_Replicate_1	-4077.76	8167.52	5558653.05	229.14	3.6204,2.3704,0.035,0.2473,0.4027,0.0101
vic_no_mig_admix_late	Round_3_Replicate_2	-948.01	1908.02	1608.28	608.64	0.3295,1.0926,0.0944,0.2873,0.4827,0.0385
vic_no_mig_admix_late	Round_3_Replicate_3	-651.22	1314.44	928.75	491.95	0.4998,0.3556,0.0173,0.3324,0.4745,0.0116
vic_no_mig_admix_late	Round_3_Replicate_4	-672.68	1357.36	1137.99	546.55	0.408,0.3456,0.0261,0.2647,0.3612,0.0105
vic_no_mig_admix_late	Round_3_Replicate_5	-764.49	1540.98	1114.57	492.92	0.4538,2.5187,0.0223,0.2052,0.4753,0.0182
vic_no_mig_admix_late	Round_3_Replicate_6	-856.51	1725.02	2696.06	280.45	1.2984,1.3197,0.0396,1.0824,0.3144,0.0116
vic_no_mig_admix_late	Round_3_Replicate_7	-859.27	1730.54	3467.22	209.93	1.7255,0.4173,0.0472,1.6957,0.4833,0.0101
vic_no_mig_admix_late	Round_3_Replicate_8	-801.69	1615.38	1997.28	225.73	1.6964,1.6166,0.0104,1.331,0.4231,0.0102
vic_no_mig_admix_late	Round_3_Replicate_9	-1009.82	2031.64	2261.0	242.81	1.9963,0.1741,0.1316,0.8989,0.1887,0.0113
vic_no_mig_admix_late	Round_3_Replicate_10	-2207.23	4426.46	57308.97	223.97	2.8479,1.2722,0.0494,0.4603,0.277,0.0471
vic_no_mig_admix_late	Round_3_Replicate_11	-996.98	2005.96	1906.63	203.72	2.4824,0.7084,0.0164,1.0336,0.2568,0.0134
vic_no_mig_admix_late	Round_3_Replicate_12	-1182.05	2376.1	2833.43	305.89	1.677,0.5524,0.1273,0.3811,0.1649,0.0151
vic_no_mig_admix_late	Round_3_Replicate_13	-2341.17	4694.34	85712.97	228.6	2.9434,0.3852,0.0171,0.3781,0.3193,0.0139
vic_no_mig_admix_late	Round_3_Replicate_14	-633.15	1278.3	840.55	573.71	0.3349,1.968,0.034,0.201,0.4699,0.0111
vic_no_mig_admix_late	Round_3_Replicate_15	-910.48	1832.96	1601.21	491.26	0.5234,0.6371,0.1235,0.4208,0.3757,0.0354
vic_no_mig_admix_late	Round_3_Replicate_16	-1550.74	3113.48	11219.14	247.48	1.9699,0.6132,0.0432,0.5065,0.3818,0.0348
vic_no_mig_admix_late	Round_3_Replicate_17	-2773.73	5559.46	269220.1	233.76	2.8325,0.3478,0.0787,0.3263,0.3699,0.0226
vic_no_mig_admix_late	Round_3_Replicate_18	-1267.51	2547.02	4740.97	251.44	1.7614,0.2177,0.0795,0.6249,0.399,0.0371
vic_no_mig_admix_late	Round_3_Replicate_19	-1318.46	2648.92	3269.77	356.53	0.9545,0.8445,0.0169,0.574,0.2707,0.069
vic_no_mig_admix_late	Round_3_Replicate_20	-1103.57	2219.14	3038.28	301.61	1.2665,1.2348,0.0994,0.4811,0.4655,0.0308
vic_no_mig_admix_late	Round_3_Replicate_21	-1092.59	2197.18	2808.6	411.07	0.7032,0.3098,0.0168,0.2944,0.4238,0.0445
vic_no_mig_admix_late	Round_3_Replicate_22	-823.94	1659.88	1202.48	575.81	0.3438,0.9391,0.0465,0.227,0.4786,0.0332
vic_no_mig_admix_late	Round_3_Replicate_23	-2286.85	4585.7	1205733325.31	378.87	0.5357,0.8044,0.0569,1.718,0.1937,0.0155
vic_no_mig_admix_late	Round_3_Replicate_24	-1214.26	2440.52	11847.29	369.74	0.7476,0.4265,0.0637,1.1339,0.3714,0.0288
vic_no_mig_admix_late	Round_3_Replicate_25	-759.94	1531.88	1513.88	288.91	1.2608,0.476,0.0294,0.8927,0.3816,0.0106
vic_no_mig_admix_late	Round_3_Replicate_26	-1954.19	3920.38	34897.29	229.17	2.296,1.392,0.0182,0.477,0.4608,0.0371
vic_no_mig_admix_late	Round_3_Replicate_27	-1013.98	2039.96	4477.0	428.43	0.6441,2.2515,0.0106,0.745,0.3441,0.0216
vic_no_mig_admix_late	Round_3_Replicate_28	-629.26	1270.52	826.88	625.69	0.2523,1.0528,0.0925,0.1483,0.4763,0.0115
vic_no_mig_admix_late	Round_3_Replicate_29	-1725.76	3463.52	15299.18	235.4	2.6987,0.8495,0.155,0.4402,0.2599,0.0107
vic_no_mig_admix_late	Round_3_Replicate_30	-1231.27	2474.54	3015.05	164.58	3.4107,0.181,0.1087,1.3158,0.229,0.0297
vic_no_mig_admix_late	Round_4_Replicate_1	-709.91	1431.82	945.96	566.02	0.3399,2.1334,0.1383,0.1966,0.4724,0.0225
vic_no_mig_admix_late	Round_4_Replicate_2	-622.81	1257.62	858.41	568.76	0.3502,0.5972,0.0794,0.2161,0.4481,0.0102
vic_no_mig_admix_late	Round_4_Replicate_3	-652.64	1317.28	858.72	600.22	0.2889,1.2699,0.1062,0.1714,0.4737,0.0162
vic_no_mig_admix_late	Round_4_Replicate_4	-640.79	1293.58	823.48	521.24	0.424,0.8771,0.0523,0.2449,0.4773,0.0123
vic_no_mig_admix_late	Round_4_Replicate_5	-720.87	1453.74	1283.1	591.7	0.2995,1.5684,0.0569,0.1523,0.3101,0.0117
vic_no_mig_admix_late	Round_4_Replicate_6	-632.24	1276.48	862.82	678.22	0.1906,1.0584,0.0686,0.1152,0.4739,0.0122
vic_no_mig_admix_late	Round_4_Replicate_7	-619.0	1250.0	830.95	603.74	0.2918,0.6353,0.1803,0.1789,0.4725,0.0101
vic_no_mig_admix_late	Round_4_Replicate_8	-737.86	1487.72	1432.07	639.62	0.2322,1.4677,0.069,0.1234,0.3055,0.0119
vic_no_mig_admix_late	Round_4_Replicate_9	-629.33	1270.66	811.8	625.72	0.2448,1.3238,0.1749,0.1389,0.479,0.0117
vic_no_mig_admix_late	Round_4_Replicate_10	-629.47	1270.94	834.91	650.02	0.2218,0.6288,0.05,0.1322,0.4813,0.0121
vic_no_mig_admix_late	Round_4_Replicate_11	-631.77	1275.54	849.01	654.74	0.2219,2.0802,0.1223,0.1366,0.4873,0.012
vic_no_mig_admix_late	Round_4_Replicate_12	-638.96	1289.92	948.82	606.11	0.2939,2.1898,0.13,0.1789,0.4093,0.0107
vic_no_mig_admix_late	Round_4_Replicate_13	-640.55	1293.1	851.76	620.89	0.2595,1.1935,0.1356,0.1522,0.4646,0.0135
vic_no_mig_admix_late	Round_4_Replicate_14	-619.18	1250.36	816.78	640.68	0.2321,0.8651,0.1601,0.1366,0.477,0.0103
vic_no_mig_admix_late	Round_4_Replicate_15	-891.89	1795.78	1718.81	580.39	0.3105,1.4071,0.1285,0.1461,0.2736,0.0257
vic_no_mig_admix_late	Round_4_Replicate_16	-638.53	1289.06	844.66	677.86	0.1657,0.7198,0.0862,0.0892,0.4678,0.0114
vic_no_mig_admix_late	Round_4_Replicate_17	-661.77	1335.54	1019.79	511.46	0.465,1.1468,0.0961,0.2699,0.3626,0.0102
vic_no_mig_admix_late	Round_4_Replicate_18	-668.8	1349.6	947.76	536.86	0.3847,1.0691,0.0639,0.1904,0.3848,0.0108
vic_no_mig_admix_late	Round_4_Replicate_19	-750.62	1513.24	1424.42	569.07	0.3449,0.537,0.0519,0.1733,0.2835,0.0106
vic_no_mig_admix_late	Round_4_Replicate_20	-691.03	1394.06	970.68	656.05	0.1448,0.706,0.156,0.0637,0.4272,0.0123
vic_no_mig_admix_late	Round_4_Replicate_21	-770.37	1552.74	1520.38	650.16	0.2256,1.2934,0.119,0.1266,0.3045,0.0165
vic_no_mig_admix_late	Round_4_Replicate_22	-641.23	1294.46	936.9	667.09	0.1878,0.7426,0.0421,0.1028,0.4149,0.0107
vic_no_mig_admix_late	Round_4_Replicate_23	-696.61	1405.22	1037.99	563.29	0.3432,1.4252,0.1153,0.1787,0.3717,0.0151
vic_no_mig_admix_late	Round_4_Replicate_24	-627.91	1267.82	837.7	634.27	0.2441,1.3245,0.1422,0.146,0.4723,0.0117
vic_no_mig_admix_late	Round_4_Replicate_25	-632.48	1276.96	823.41	552.85	0.3675,1.267,0.0606,0.2162,0.4703,0.0119
vic_no_mig_admix_late	Round_4_Replicate_26	-644.56	1301.12	835.75	512.93	0.443,0.6391,0.0563,0.2614,0.4802,0.0128
vic_no_mig_admix_late	Round_4_Replicate_27	-682.2	1376.4	975.33	657.51	0.2377,1.9859,0.0841,0.1622,0.4843,0.0174
vic_no_mig_admix_late	Round_4_Replicate_28	-619.21	1250.42	804.95	585.18	0.3137,0.7095,0.0982,0.1862,0.4819,0.01
vic_no_mig_admix_late	Round_4_Replicate_29	-625.77	1263.54	836.81	699.27	0.1567,1.5455,0.1323,0.0908,0.4842,0.0102
vic_no_mig_admix_late	Round_4_Replicate_30	-635.19	1282.38	819.25	592.54	0.2987,1.1908,0.1493,0.1747,0.4836,0.0132
vic_no_mig_admix_late	Round_4_Replicate_31	-731.34	1474.68	1251.35	596.55	0.2785,1.2573,0.1243,0.1347,0.3216,0.0137
vic_no_mig_admix_late	Round_4_Replicate_32	-650.18	1312.36	974.46	629.37	0.2784,1.3695,0.1306,0.1951,0.4644,0.0127
vic_no_mig_admix_late	Round_4_Replicate_33	-638.44	1288.88	888.92	637.44	0.2261,0.8444,0.0473,0.124,0.4285,0.0111
vic_no_mig_admix_late	Round_4_Replicate_34	-619.49	1250.98	820.68	588.03	0.3132,1.9037,0.1121,0.1893,0.4734,0.0101
vic_no_mig_admix_late	Round_4_Replicate_35	-670.52	1353.04	922.64	574.29	0.301,0.6615,0.0701,0.144,0.4058,0.0131
vic_no_mig_admix_late	Round_4_Replicate_36	-630.1	1272.2	828.7	571.21	0.3384,1.8223,0.1748,0.2025,0.4708,0.012
vic_no_mig_admix_late	Round_4_Replicate_37	-687.13	1386.26	906.16	612.17	0.2594,0.8569,0.1444,0.1436,0.4761,0.018
vic_no_mig_admix_late	Round_4_Replicate_38	-628.27	1268.54	845.34	698.51	0.1542,0.5255,0.1048,0.0878,0.4742,0.0105
vic_no_mig_admix_late	Round_4_Replicate_39	-624.02	1260.04	851.12	554.73	0.3734,1.0881,0.0667,0.2306,0.455,0.0102
vic_no_mig_admix_late	Round_4_Replicate_40	-630.5	1273.0	847.59	569.86	0.3454,0.9255,0.1034,0.2122,0.464,0.0119
