Model	Replicate	log-likelihood	AIC	chi-squared	theta	optimized_params(nuA, nu1, nu2, T, s, f)
vic_no_mig_admix_early	Round_1_Replicate_1	-3780.98	7573.96	6.28718215892e+22	236.74	0.2648,1.1222,0.5315,4.7176,0.4864,0.6632
vic_no_mig_admix_early	Round_1_Replicate_2	-2298.85	4609.7	69458.95	221.36	3.2627,1.226,0.2037,0.3927,0.3008,0.8281
vic_no_mig_admix_early	Round_1_Replicate_3	-3621.4	7254.8	9.72433092994e+18	357.77	0.1868,0.3015,3.2208,2.7472,0.4864,0.0389
vic_no_mig_admix_early	Round_1_Replicate_4	-3107.84	6227.68	597797.07	274.84	2.5833,0.5234,0.1901,0.1958,0.2807,0.4261
vic_no_mig_admix_early	Round_1_Replicate_5	-7109.6	14231.2	3238608007.17	227.78	5.9619,4.5462,0.1603,0.1606,0.4864,0.3848
vic_no_mig_admix_early	Round_1_Replicate_6	-1634.93	3281.86	5129.59	260.67	4.9292,1.7506,0.8434,0.3222,0.0522,0.3334
vic_no_mig_admix_early	Round_1_Replicate_7	-920.65	1853.3	1699.5	357.13	1.0835,3.3481,6.3358,0.352,0.2366,0.6821
vic_no_mig_admix_early	Round_1_Replicate_8	-2650.59	5313.18	559344.71	521.27	0.5214,1.4739,0.1619,0.2724,0.0558,0.1479
vic_no_mig_admix_early	Round_1_Replicate_9	-764.44	1540.88	2053.17	581.41	0.3646,0.2033,2.0804,0.3094,0.4864,0.0694
vic_no_mig_admix_early	Round_1_Replicate_10	-1390.46	2792.92	3625.56	317.12	2.156,3.275,3.8647,0.2914,0.0757,0.9796
vic_no_mig_admix_early	Round_2_Replicate_1	-1432.42	2876.84	22256.88	610.73	0.3387,0.3873,1.3137,0.5256,0.4864,0.0845
vic_no_mig_admix_early	Round_2_Replicate_2	-1497.92	3007.84	8132.52	754.33	0.1508,0.6624,1.9446,0.1004,0.1842,0.1587
vic_no_mig_admix_early	Round_2_Replicate_3	-1741.53	3495.06	123403.22	445.68	0.5154,0.4202,3.963,1.0552,0.4864,0.2648
vic_no_mig_admix_early	Round_2_Replicate_4	-2458.52	4929.04	4320476.07	567.63	0.2993,0.0816,7.5564,0.9199,0.4864,0.0282
vic_no_mig_admix_early	Round_2_Replicate_5	-2697.97	5407.94	263511.66	320.56	1.3483,0.1353,1.7692,0.1409,0.4864,0.0349
vic_no_mig_admix_early	Round_2_Replicate_6	-846.88	1705.76	2255.65	721.06	0.1809,0.6801,5.6884,0.1222,0.3159,0.064
vic_no_mig_admix_early	Round_2_Replicate_7	-1452.2	2916.4	9416.07	332.49	1.1277,0.1102,0.8374,0.227,0.4864,0.0611
vic_no_mig_admix_early	Round_2_Replicate_8	-607.51	1227.02	826.82	641.82	0.2099,0.1682,5.6692,0.1124,0.49,0.0275
vic_no_mig_admix_early	Round_2_Replicate_9	-1719.21	3450.42	1.13200529528e+11	507.72	0.1429,0.3627,3.7281,0.6003,0.1558,0.022
vic_no_mig_admix_early	Round_2_Replicate_10	-1002.71	2017.42	2119.11	422.44	0.7809,0.0468,6.1394,0.2113,0.1822,0.1192
vic_no_mig_admix_early	Round_2_Replicate_11	-836.84	1685.68	2122.76	705.22	0.1517,0.1669,0.5205,0.0817,0.2855,0.1815
vic_no_mig_admix_early	Round_2_Replicate_12	-614.92	1241.84	789.35	619.32	0.221,0.3772,2.9725,0.1076,0.4864,0.0716
vic_no_mig_admix_early	Round_2_Replicate_13	-1102.75	2217.5	10052.9	430.31	0.6231,0.4402,4.4243,0.7721,0.4864,0.1089
vic_no_mig_admix_early	Round_2_Replicate_14	-1795.68	3603.36	64255.05	504.62	0.5293,0.808,1.1013,0.5235,0.1586,0.2557
vic_no_mig_admix_early	Round_2_Replicate_15	-2479.35	4970.7	8951028.87	502.93	0.3511,0.1083,8.5185,1.133,0.4864,0.2362
vic_no_mig_admix_early	Round_2_Replicate_16	-2083.25	4178.5	51858.33	969.15	0.1185,0.1287,2.9766,0.2176,0.4066,0.0668
vic_no_mig_admix_early	Round_2_Replicate_17	-1092.65	2197.3	5597.25	716.87	0.245,0.1112,5.7615,0.284,0.449,0.053
vic_no_mig_admix_early	Round_2_Replicate_18	-672.43	1356.86	1100.71	422.62	0.672,0.1272,1.2122,0.3918,0.4748,0.2107
vic_no_mig_admix_early	Round_2_Replicate_19	-770.54	1553.08	1466.61	497.37	0.4929,0.4832,4.4582,0.221,0.2816,0.0315
vic_no_mig_admix_early	Round_2_Replicate_20	-2225.01	4462.02	668160.43	630.13	0.3095,0.603,0.7424,0.5967,0.2433,0.2216
vic_no_mig_admix_early	Round_3_Replicate_1	-981.49	1974.98	3372.79	610.02	0.3317,0.0482,4.9513,0.2351,0.2641,0.0394
vic_no_mig_admix_early	Round_3_Replicate_2	-1140.17	2292.34	2808.39	473.19	0.4905,0.0743,16.2587,0.0956,0.182,0.0373
vic_no_mig_admix_early	Round_3_Replicate_3	-1307.48	2626.96	6602.99	418.03	0.5965,0.1528,4.0162,0.1237,0.4753,0.0965
vic_no_mig_admix_early	Round_3_Replicate_4	-1063.86	2139.72	3088.38	496.11	0.3184,0.1891,18.7356,0.0772,0.4684,0.0117
vic_no_mig_admix_early	Round_3_Replicate_5	-738.4	1488.8	1035.02	520.98	0.3437,0.0593,2.5079,0.1236,0.4786,0.0721
vic_no_mig_admix_early	Round_3_Replicate_6	-607.66	1227.32	833.56	659.04	0.1874,0.0761,7.7674,0.1005,0.4877,0.0108
vic_no_mig_admix_early	Round_3_Replicate_7	-952.89	1917.78	2128.15	515.09	0.2871,0.2602,2.4665,0.0773,0.4786,0.0126
vic_no_mig_admix_early	Round_3_Replicate_8	-1718.37	3448.74	33078.95	790.5	0.2005,0.1188,1.8252,0.345,0.4752,0.0575
vic_no_mig_admix_early	Round_3_Replicate_9	-1055.34	2122.68	2902.04	401.1	0.7072,0.1186,14.6547,0.1854,0.4753,0.053
vic_no_mig_admix_early	Round_3_Replicate_10	-743.51	1499.02	1202.55	494.08	0.47,0.0998,17.2124,0.1857,0.3214,0.0162
vic_no_mig_admix_early	Round_3_Replicate_11	-687.72	1387.44	1194.88	736.3	0.059,0.0677,9.403,0.027,0.3864,0.0437
vic_no_mig_admix_early	Round_3_Replicate_12	-1100.85	2213.7	4080.88	893.06	0.123,0.3062,15.9138,0.1349,0.464,0.0167
vic_no_mig_admix_early	Round_3_Replicate_13	-1741.97	3495.94	1.51811119649e+13	658.31	0.0843,0.1466,16.6709,0.2443,0.1129,0.0211
vic_no_mig_admix_early	Round_3_Replicate_14	-1130.91	2273.82	2696.76	424.2	0.8113,0.0524,18.6181,0.1751,0.1407,0.0399
vic_no_mig_admix_early	Round_3_Replicate_15	-611.79	1235.58	842.31	685.89	0.145,0.3745,1.6151,0.0748,0.475,0.0218
vic_no_mig_admix_early	Round_3_Replicate_16	-1736.03	3484.06	25865.53	880.32	0.1547,0.1524,6.0416,0.2563,0.464,0.0179
vic_no_mig_admix_early	Round_3_Replicate_17	-647.42	1306.84	1022.79	705.47	0.109,0.2431,12.9219,0.0527,0.4098,0.0133
vic_no_mig_admix_early	Round_3_Replicate_18	-678.96	1369.92	1162.18	661.3	0.1605,0.0806,5.5397,0.0743,0.3631,0.0179
vic_no_mig_admix_early	Round_3_Replicate_19	-771.43	1554.86	1638.5	470.58	0.5779,0.5344,12.7341,0.3126,0.2962,0.0637
vic_no_mig_admix_early	Round_3_Replicate_20	-736.51	1485.02	1025.92	414.36	0.6841,0.1125,5.0077,0.2799,0.4753,0.0309
vic_no_mig_admix_early	Round_3_Replicate_21	-986.48	1984.96	2137.43	483.85	0.4952,0.2748,3.2047,0.1311,0.1979,0.0204
vic_no_mig_admix_early	Round_3_Replicate_22	-933.47	1878.94	1992.51	487.95	0.3781,0.5604,12.884,0.1055,0.4786,0.0809
vic_no_mig_admix_early	Round_3_Replicate_23	-776.33	1564.66	2132.21	537.97	0.4377,0.049,15.458,0.3374,0.3764,0.0326
vic_no_mig_admix_early	Round_3_Replicate_24	-621.13	1254.26	839.84	548.89	0.3548,0.2028,8.6484,0.1831,0.4725,0.0134
vic_no_mig_admix_early	Round_3_Replicate_25	-2099.79	4211.58	61942.15	383.3	0.7443,0.2077,7.9724,0.0975,0.4753,0.0119
vic_no_mig_admix_early	Round_3_Replicate_26	-613.95	1239.9	892.82	591.51	0.2959,0.4735,1.4167,0.1661,0.4682,0.0111
vic_no_mig_admix_early	Round_3_Replicate_27	-789.14	1590.28	1940.01	745.19	0.1887,0.3054,7.4858,0.1616,0.4766,0.0105
vic_no_mig_admix_early	Round_3_Replicate_28	-1261.49	2534.98	3659.84	489.5	0.4493,0.0541,8.4826,0.079,0.1225,0.0314
vic_no_mig_admix_early	Round_3_Replicate_29	-623.64	1259.28	977.97	592.1	0.3084,0.1547,9.2174,0.1888,0.4837,0.0132
vic_no_mig_admix_early	Round_3_Replicate_30	-667.89	1347.78	1042.76	428.17	0.6529,0.1483,3.7683,0.3692,0.4811,0.1097
vic_no_mig_admix_early	Round_4_Replicate_1	-608.65	1229.3	835.81	627.63	0.2284,0.2254,6.6846,0.1207,0.4745,0.0223
vic_no_mig_admix_early	Round_4_Replicate_2	-613.23	1238.46	842.88	644.78	0.1946,0.2254,10.5405,0.0981,0.4586,0.0161
vic_no_mig_admix_early	Round_4_Replicate_3	-607.97	1227.94	851.89	654.27	0.1991,0.1796,4.7771,0.1093,0.4844,0.0172
vic_no_mig_admix_early	Round_4_Replicate_4	-614.83	1241.66	886.86	646.0	0.2026,0.203,3.1658,0.1058,0.4452,0.0161
vic_no_mig_admix_early	Round_4_Replicate_5	-618.2	1248.4	929.08	599.31	0.2849,0.1553,4.1093,0.1586,0.4433,0.0295
vic_no_mig_admix_early	Round_4_Replicate_6	-607.68	1227.36	835.83	659.21	0.1878,0.2063,4.8695,0.101,0.4871,0.019
vic_no_mig_admix_early	Round_4_Replicate_7	-670.37	1352.74	1118.29	590.07	0.2866,0.1232,7.2914,0.1399,0.3588,0.0239
vic_no_mig_admix_early	Round_4_Replicate_8	-607.97	1227.94	826.25	641.0	0.2076,0.1935,5.053,0.1091,0.4808,0.0146
vic_no_mig_admix_early	Round_4_Replicate_9	-720.71	1453.42	1339.83	604.57	0.2552,0.0909,8.2512,0.1169,0.3176,0.016
vic_no_mig_admix_early	Round_4_Replicate_10	-614.53	1241.06	898.18	620.18	0.2467,0.1071,4.6417,0.1332,0.4463,0.0197
vic_no_mig_admix_early	Round_4_Replicate_11	-610.6	1233.2	802.41	609.27	0.2482,0.0808,8.9194,0.1277,0.4919,0.0225
vic_no_mig_admix_early	Round_4_Replicate_12	-811.96	1635.92	1679.14	620.89	0.1817,0.1021,11.1385,0.068,0.2779,0.031
vic_no_mig_admix_early	Round_4_Replicate_13	-614.83	1241.66	846.21	570.77	0.3211,0.2059,9.9296,0.1729,0.4833,0.0383
vic_no_mig_admix_early	Round_4_Replicate_14	-612.84	1237.68	894.38	609.75	0.2666,0.2035,3.9848,0.148,0.4596,0.0289
vic_no_mig_admix_early	Round_4_Replicate_15	-632.73	1277.46	924.04	610.2	0.243,0.2158,7.1604,0.118,0.4132,0.0207
vic_no_mig_admix_early	Round_4_Replicate_16	-608.12	1228.24	831.6	666.82	0.1752,0.2416,4.1131,0.0931,0.4864,0.0212
vic_no_mig_admix_early	Round_4_Replicate_17	-641.67	1295.34	1082.49	609.08	0.2803,0.1345,7.5727,0.1604,0.4019,0.0263
vic_no_mig_admix_early	Round_4_Replicate_18	-612.37	1236.74	907.75	642.16	0.2227,0.2007,5.4879,0.1252,0.4596,0.0353
vic_no_mig_admix_early	Round_4_Replicate_19	-612.67	1237.34	878.39	594.89	0.2898,0.1316,7.304,0.1632,0.4817,0.0111
vic_no_mig_admix_early	Round_4_Replicate_20	-612.79	1237.58	857.36	709.49	0.1292,0.0992,11.2659,0.0701,0.4922,0.0114
vic_no_mig_admix_early	Round_4_Replicate_21	-610.43	1232.86	839.35	690.92	0.1442,0.28,5.3447,0.0763,0.4864,0.0494
vic_no_mig_admix_early	Round_4_Replicate_22	-623.83	1259.66	799.81	652.28	0.1598,0.2344,2.9851,0.0738,0.4797,0.0173
vic_no_mig_admix_early	Round_4_Replicate_23	-673.37	1358.74	1156.51	642.78	0.1981,0.1294,7.239,0.0955,0.3609,0.0435
vic_no_mig_admix_early	Round_4_Replicate_24	-610.77	1233.54	858.87	653.77	0.1913,0.2299,11.267,0.1003,0.4611,0.0259
vic_no_mig_admix_early	Round_4_Replicate_25	-608.44	1228.88	838.14	623.13	0.2373,0.2523,12.2146,0.1271,0.4786,0.016
vic_no_mig_admix_early	Round_4_Replicate_26	-640.33	1292.66	985.83	633.86	0.2099,0.0796,12.2552,0.1027,0.399,0.0281
vic_no_mig_admix_early	Round_4_Replicate_27	-610.58	1233.16	849.92	601.36	0.2723,0.1865,4.503,0.1471,0.4748,0.0324
vic_no_mig_admix_early	Round_4_Replicate_28	-615.67	1243.34	838.75	569.71	0.3221,0.1127,3.5409,0.1741,0.4974,0.0183
vic_no_mig_admix_early	Round_4_Replicate_29	-615.61	1243.22	892.64	585.36	0.3074,0.115,4.4642,0.1765,0.4905,0.0477
vic_no_mig_admix_early	Round_4_Replicate_30	-628.68	1269.36	1014.86	570.78	0.344,0.1776,6.7864,0.2082,0.4542,0.0182
vic_no_mig_admix_early	Round_4_Replicate_31	-615.58	1243.16	901.31	584.72	0.3072,0.1091,8.0738,0.1722,0.4627,0.018
vic_no_mig_admix_early	Round_4_Replicate_32	-607.76	1227.52	824.1	639.81	0.2098,0.1158,3.0132,0.1107,0.4841,0.0127
vic_no_mig_admix_early	Round_4_Replicate_33	-825.92	1663.84	1769.1	590.98	0.2578,0.2447,7.2128,0.1013,0.2581,0.0223
vic_no_mig_admix_early	Round_4_Replicate_34	-653.76	1319.52	1035.54	570.71	0.3223,0.1426,7.2791,0.1609,0.3791,0.0119
vic_no_mig_admix_early	Round_4_Replicate_35	-633.87	1279.74	980.53	671.83	0.1619,0.0724,3.1173,0.0814,0.4128,0.0131
vic_no_mig_admix_early	Round_4_Replicate_36	-611.68	1235.36	812.3	599.61	0.264,0.3128,12.0947,0.1356,0.4816,0.0168
vic_no_mig_admix_early	Round_4_Replicate_37	-749.94	1511.88	1553.51	590.38	0.3072,0.2198,3.9278,0.1576,0.3008,0.0129
vic_no_mig_admix_early	Round_4_Replicate_38	-609.43	1230.86	850.12	614.48	0.2554,0.1046,6.5551,0.141,0.4884,0.032
vic_no_mig_admix_early	Round_4_Replicate_39	-679.14	1370.28	1166.46	627.11	0.2193,0.2337,3.9078,0.104,0.3539,0.0505
vic_no_mig_admix_early	Round_4_Replicate_40	-671.95	1355.9	1094.22	615.75	0.2282,0.1296,3.026,0.1047,0.3638,0.0143
