Model	Replicate	log-likelihood	AIC	chi-squared	theta	optimized_params(nuA, nu1, nu2, T1, T2, s, f)
founder_nomig_admix_two_epoch	Round_1_Replicate_1	-2857.15	5728.3	185733.16	152.78	1.7949,2.4548,4.027,0.1832,1.0752,0.0319,0.21
founder_nomig_admix_two_epoch	Round_1_Replicate_2	-1307.19	2628.38	12224.02	347.64	1.0005,3.2118,0.1983,0.7888,0.5639,0.1219,0.9797
founder_nomig_admix_two_epoch	Round_1_Replicate_3	-2299.94	4613.88	7441676.85	212.32	0.7963,0.1773,0.3457,2.5945,4.9752,0.1294,0.5098
founder_nomig_admix_two_epoch	Round_1_Replicate_4	-2402.45	4818.9	13750.87	251.91	0.3705,1.2101,4.9357,0.2968,0.1635,0.1538,0.5506
founder_nomig_admix_two_epoch	Round_1_Replicate_5	-2157.61	4329.22	40355.46	292.6	0.2064,5.7216,2.8718,0.3871,0.1849,0.0428,0.0347
founder_nomig_admix_two_epoch	Round_1_Replicate_6	-1880.2	3774.4	462699.01	421.98	0.2669,0.4163,0.3588,0.9369,1.0139,0.1358,0.1102
founder_nomig_admix_two_epoch	Round_1_Replicate_7	-1079.63	2173.26	7447.82	933.91	0.1617,1.5885,0.2691,0.3516,5.9268,0.036,0.9797
founder_nomig_admix_two_epoch	Round_1_Replicate_8	-1328.07	2670.14	41335.71	987.77	0.1807,7.7481,0.1987,0.4745,2.0224,0.2058,0.9797
founder_nomig_admix_two_epoch	Round_1_Replicate_9	-928.13	1870.26	2108.59	151.53	3.4176,1.32,0.4479,0.8859,2.4675,0.4876,0.9797
founder_nomig_admix_two_epoch	Round_1_Replicate_10	-3155.67	6325.34	3118836.14	145.75	0.2005,6.299,4.978,1.4789,0.1427,0.1319,0.9797
founder_nomig_admix_two_epoch	Round_2_Replicate_1	-1421.77	2857.54	52867.39	175.1	1.0724,0.9712,1.3398,2.5833,7.6375,0.3802,0.9797
founder_nomig_admix_two_epoch	Round_2_Replicate_2	-1820.87	3655.74	1003963.36	245.31	0.8979,1.1379,0.7046,2.5704,1.819,0.4876,0.9797
founder_nomig_admix_two_epoch	Round_2_Replicate_3	-1504.48	3022.96	28307.76	276.97	1.379,1.9969,0.2203,1.0882,1.375,0.2288,0.9437
founder_nomig_admix_two_epoch	Round_2_Replicate_4	-978.77	1971.54	5349.5	141.44	2.5392,5.2198,0.8099,2.1237,9.1636,0.3091,0.9797
founder_nomig_admix_two_epoch	Round_2_Replicate_5	-1025.98	2065.96	2340.37	92.66	3.4514,1.3258,1.5176,1.0815,5.2114,0.1886,0.6825
founder_nomig_admix_two_epoch	Round_2_Replicate_6	-1035.32	2084.64	7664.2	307.6	0.9726,3.2008,0.7086,1.1207,2.0509,0.4779,0.9801
founder_nomig_admix_two_epoch	Round_2_Replicate_7	-784.24	1582.48	1493.63	295.25	1.5771,0.4565,0.2558,0.4051,2.6256,0.4876,0.6171
founder_nomig_admix_two_epoch	Round_2_Replicate_8	-2377.95	4769.9	59245.89	55.65	7.4928,3.6896,0.6454,0.314,1.1842,0.1435,0.9797
founder_nomig_admix_two_epoch	Round_2_Replicate_9	-1080.81	2175.62	2428.91	132.49	3.7591,4.8496,0.43,0.5162,6.9028,0.4876,0.9797
founder_nomig_admix_two_epoch	Round_2_Replicate_10	-986.69	1987.38	2885.5	206.36	2.5495,0.7393,0.3318,0.8235,4.8689,0.4876,0.9797
founder_nomig_admix_two_epoch	Round_2_Replicate_11	-845.84	1705.68	2269.48	115.17	3.163,1.7201,0.7759,1.4667,0.6859,0.2977,0.4893
founder_nomig_admix_two_epoch	Round_2_Replicate_12	-1488.25	2990.5	12737.15	142.46	3.2976,0.3233,0.2906,1.0814,1.1739,0.4499,0.2563
founder_nomig_admix_two_epoch	Round_2_Replicate_13	-1213.86	2441.72	7423.04	189.62	2.637,0.8836,0.3147,1.0905,3.2715,0.4876,0.674
founder_nomig_admix_two_epoch	Round_2_Replicate_14	-1056.71	2127.42	8213.25	185.5	0.8874,0.5068,1.1462,1.6475,0.9209,0.1331,0.7146
founder_nomig_admix_two_epoch	Round_2_Replicate_15	-1412.61	2839.22	7039.9	119.14	3.3789,2.3846,0.3203,1.0508,1.9119,0.1742,0.4553
founder_nomig_admix_two_epoch	Round_2_Replicate_16	-1084.55	2183.1	8614.06	185.85	1.5683,0.5817,0.559,1.7001,1.6581,0.1358,0.8874
founder_nomig_admix_two_epoch	Round_2_Replicate_17	-2044.81	4103.62	101965.72	97.56	5.9578,0.3755,0.3126,2.23,1.4721,0.4876,0.9797
founder_nomig_admix_two_epoch	Round_2_Replicate_18	-2997.15	6008.3	1203077.56	30.89	13.638,4.6613,0.3425,3.2311,7.0391,0.1186,0.2655
founder_nomig_admix_two_epoch	Round_2_Replicate_19	-885.44	1784.88	1770.45	188.68	2.4479,0.4665,0.2821,0.3335,9.0975,0.4855,0.2382
founder_nomig_admix_two_epoch	Round_2_Replicate_20	-2526.25	5066.5	99192.1	62.24	6.5862,1.9733,0.6847,0.2957,6.0731,0.1304,0.9797
founder_nomig_admix_two_epoch	Round_3_Replicate_1	-883.81	1781.62	3416.64	248.89	1.5597,0.118,0.3995,0.6651,1.8125,0.475,0.1627
founder_nomig_admix_two_epoch	Round_3_Replicate_2	-803.21	1620.42	1238.38	174.42	2.4011,1.7945,0.7022,0.6867,1.2352,0.4776,0.7901
founder_nomig_admix_two_epoch	Round_3_Replicate_3	-849.65	1713.3	1716.11	667.9	0.714,0.3795,0.0988,0.1633,0.763,0.4725,0.6661
founder_nomig_admix_two_epoch	Round_3_Replicate_4	-1445.08	2904.16	67403.38	868.91	0.4541,0.1122,0.1352,0.5719,1.1677,0.4999,0.9789
founder_nomig_admix_two_epoch	Round_3_Replicate_5	-815.44	1644.88	1912.67	551.97	0.5457,0.1531,0.2758,0.4244,1.7382,0.2121,0.98
founder_nomig_admix_two_epoch	Round_3_Replicate_6	-1752.3	3518.6	57688.34	181.13	1.9787,0.3466,0.258,1.5362,2.1286,0.1277,0.8459
founder_nomig_admix_two_epoch	Round_3_Replicate_7	-1444.55	2903.1	6749.8	163.94	3.2874,0.4437,0.2158,0.765,4.3205,0.4536,0.9796
founder_nomig_admix_two_epoch	Round_3_Replicate_8	-967.46	1948.92	2131.96	229.54	2.0185,0.1347,0.1956,0.229,1.6359,0.4713,0.165
founder_nomig_admix_two_epoch	Round_3_Replicate_9	-1087.03	2188.06	10692.27	268.01	1.0935,1.0113,0.7968,1.3817,0.7197,0.4758,0.979
founder_nomig_admix_two_epoch	Round_3_Replicate_10	-1124.7	2263.4	2743.38	222.69	2.0489,0.5102,0.2396,0.2073,8.758,0.4696,0.5868
founder_nomig_admix_two_epoch	Round_3_Replicate_11	-1818.61	3651.22	813588.47	430.01	0.5096,0.9806,0.2866,1.4575,1.496,0.3196,0.9188
founder_nomig_admix_two_epoch	Round_3_Replicate_12	-980.42	1974.84	3285.11	160.1	2.8364,0.1741,0.3886,0.8518,2.6307,0.4649,0.2931
founder_nomig_admix_two_epoch	Round_3_Replicate_13	-1223.46	2460.92	2947.99	389.52	0.4302,1.3234,0.9043,0.3743,9.0784,0.3064,0.5431
founder_nomig_admix_two_epoch	Round_3_Replicate_14	-827.52	1669.04	1651.28	104.42	4.3985,0.7046,0.6047,0.8777,9.6219,0.4747,0.3885
founder_nomig_admix_two_epoch	Round_3_Replicate_15	-906.23	1826.46	4276.92	748.4	0.5465,1.0781,0.1834,0.4037,5.3601,0.4599,0.9789
founder_nomig_admix_two_epoch	Round_3_Replicate_16	-974.68	1963.36	1940.93	741.51	0.5535,0.177,0.1006,0.1507,6.7976,0.2495,0.98
founder_nomig_admix_two_epoch	Round_3_Replicate_17	-1468.71	2951.42	7696.9	293.27	1.0066,0.1595,0.9176,0.2677,1.2711,0.4923,0.5924
founder_nomig_admix_two_epoch	Round_3_Replicate_18	-1883.21	3780.42	49302.09	181.38	3.0982,0.3054,0.1852,1.1526,3.2308,0.4673,0.9802
founder_nomig_admix_two_epoch	Round_3_Replicate_19	-2381.85	4777.7	70936.97	104.68	5.4441,1.021,0.1514,1.0579,0.6471,0.4768,0.9792
founder_nomig_admix_two_epoch	Round_3_Replicate_20	-783.12	1580.24	1798.3	134.12	3.1714,0.4385,0.616,0.8516,0.8359,0.4807,0.1686
founder_nomig_admix_two_epoch	Round_3_Replicate_21	-1039.96	2093.92	5512.36	255.57	1.0337,0.1448,0.9963,1.1917,3.9026,0.4533,0.98
founder_nomig_admix_two_epoch	Round_3_Replicate_22	-916.29	1846.58	1708.0	737.26	0.6691,0.3747,0.1049,0.1343,5.6742,0.4895,0.9788
founder_nomig_admix_two_epoch	Round_3_Replicate_23	-946.5	1907.0	2047.96	318.95	1.2068,0.4863,0.2018,0.2548,8.8893,0.2096,0.1967
founder_nomig_admix_two_epoch	Round_3_Replicate_24	-1151.7	2317.4	3432.29	226.73	1.7297,0.1786,0.8425,0.4586,5.7096,0.4883,0.9804
founder_nomig_admix_two_epoch	Round_3_Replicate_25	-1538.54	3091.08	5773.3	140.16	3.0841,0.9306,0.1488,0.2481,1.6473,0.1313,0.2613
founder_nomig_admix_two_epoch	Round_3_Replicate_26	-824.49	1662.98	1589.01	878.74	0.5659,0.1833,0.1021,0.1716,3.1081,0.4923,0.9807
founder_nomig_admix_two_epoch	Round_3_Replicate_27	-960.71	1935.42	4730.3	277.86	1.3088,1.1847,0.3532,0.6867,2.1792,0.4229,0.2087
founder_nomig_admix_two_epoch	Round_3_Replicate_28	-813.77	1641.54	1629.0	711.23	0.421,0.5922,0.21,0.2974,6.2489,0.1741,0.9797
founder_nomig_admix_two_epoch	Round_3_Replicate_29	-940.06	1894.12	1807.49	551.26	0.4852,0.1316,0.454,0.3604,0.93,0.3308,0.9803
founder_nomig_admix_two_epoch	Round_3_Replicate_30	-786.21	1586.42	1434.39	1068.53	0.4491,0.1505,0.0991,0.1548,5.0438,0.4923,0.9807
founder_nomig_admix_two_epoch	Round_4_Replicate_1	-827.07	1668.14	1999.63	158.04	2.1561,0.5506,0.6527,0.7347,1.4176,0.2525,0.0952
founder_nomig_admix_two_epoch	Round_4_Replicate_2	-774.2	1562.4	2105.95	160.99	2.2849,0.455,0.7155,0.9684,0.6083,0.4571,0.2321
founder_nomig_admix_two_epoch	Round_4_Replicate_3	-721.13	1456.26	1471.56	133.14	2.8577,0.2994,0.8627,0.9417,0.405,0.4748,0.1767
founder_nomig_admix_two_epoch	Round_4_Replicate_4	-1252.33	2518.66	7041.16	87.85	5.1132,0.5028,0.5782,1.678,1.4215,0.4334,0.2201
founder_nomig_admix_two_epoch	Round_4_Replicate_5	-731.85	1477.7	1294.7	164.91	2.4799,0.3897,0.5645,0.5395,0.445,0.476,0.0786
founder_nomig_admix_two_epoch	Round_4_Replicate_6	-992.73	1999.46	4057.18	112.03	3.222,0.2946,0.7028,1.5273,1.3332,0.2901,0.2696
founder_nomig_admix_two_epoch	Round_4_Replicate_7	-1204.21	2422.42	5999.3	79.42	5.6248,0.4016,0.6466,1.6066,0.5222,0.431,0.1167
founder_nomig_admix_two_epoch	Round_4_Replicate_8	-1027.84	2069.68	4279.33	119.26	3.4898,0.581,0.5736,1.2182,0.6304,0.4178,0.1596
founder_nomig_admix_two_epoch	Round_4_Replicate_9	-707.22	1428.44	1107.38	137.23	2.6146,0.6503,1.0428,0.756,0.4627,0.4948,0.1276
founder_nomig_admix_two_epoch	Round_4_Replicate_10	-765.57	1545.14	1498.84	97.01	3.9971,0.8399,0.9408,1.2805,0.8934,0.378,0.343
founder_nomig_admix_two_epoch	Round_4_Replicate_11	-798.59	1611.18	1661.41	139.46	3.1021,0.5242,0.5232,0.6506,1.0522,0.4661,0.1234
founder_nomig_admix_two_epoch	Round_4_Replicate_12	-829.27	1672.54	2133.01	107.97	3.8846,0.3569,0.729,1.1822,1.2148,0.4454,0.2347
founder_nomig_admix_two_epoch	Round_4_Replicate_13	-854.27	1722.54	1779.75	126.77	3.4541,0.3077,0.4927,0.5892,0.6913,0.4434,0.1
founder_nomig_admix_two_epoch	Round_4_Replicate_14	-827.98	1669.96	2005.28	176.16	1.969,0.1828,0.53,0.7862,1.0371,0.253,0.2718
founder_nomig_admix_two_epoch	Round_4_Replicate_15	-761.63	1537.26	1463.98	186.82	1.7796,0.3049,0.6368,0.629,1.1194,0.2869,0.1653
founder_nomig_admix_two_epoch	Round_4_Replicate_16	-917.22	1848.44	2015.42	152.33	2.8114,0.4588,0.3724,0.5164,1.0337,0.3694,0.2243
founder_nomig_admix_two_epoch	Round_4_Replicate_17	-707.99	1429.98	1254.15	176.79	2.2182,0.3135,0.6183,0.6001,0.6278,0.4822,0.1392
founder_nomig_admix_two_epoch	Round_4_Replicate_18	-1156.72	2327.44	9657.49	152.54	2.4197,0.3291,0.5685,1.4359,0.5799,0.4329,0.1986
founder_nomig_admix_two_epoch	Round_4_Replicate_19	-715.78	1445.56	1150.59	123.23	3.212,0.4041,0.8347,0.7962,0.6754,0.4636,0.1965
founder_nomig_admix_two_epoch	Round_4_Replicate_20	-824.01	1662.02	1427.31	162.48	2.2777,0.3848,0.5405,0.5466,1.1345,0.271,0.2424
founder_nomig_admix_two_epoch	Round_4_Replicate_21	-722.64	1459.28	1395.34	105.95	3.9489,0.3106,0.907,1.1482,0.4075,0.4971,0.2738
founder_nomig_admix_two_epoch	Round_4_Replicate_22	-738.88	1491.76	1412.91	178.79	2.2932,0.2695,0.5079,0.6001,1.271,0.4641,0.193
founder_nomig_admix_two_epoch	Round_4_Replicate_23	-735.46	1484.92	1076.49	136.66	2.5128,0.8024,1.1265,0.674,0.8139,0.4627,0.0988
founder_nomig_admix_two_epoch	Round_4_Replicate_24	-709.56	1433.12	1078.68	210.7	1.8724,0.3322,0.5235,0.4217,1.098,0.4903,0.127
founder_nomig_admix_two_epoch	Round_4_Replicate_25	-737.63	1489.26	1268.78	176.95	1.8823,0.3022,0.7166,0.7269,0.5427,0.3269,0.3048
founder_nomig_admix_two_epoch	Round_4_Replicate_26	-701.38	1416.76	1243.4	140.53	2.7553,0.7098,0.8307,0.7431,1.3846,0.4989,0.0987
founder_nomig_admix_two_epoch	Round_4_Replicate_27	-715.64	1445.28	1257.71	192.98	1.9653,0.7513,0.5783,0.5666,0.5956,0.446,0.1668
founder_nomig_admix_two_epoch	Round_4_Replicate_28	-816.88	1647.76	2222.01	146.82	2.8113,0.2682,0.5892,0.9239,0.8463,0.4667,0.2018
founder_nomig_admix_two_epoch	Round_4_Replicate_29	-1473.88	2961.76	41138.73	171.75	1.7491,0.2916,0.5452,1.6288,0.7587,0.3941,0.109
founder_nomig_admix_two_epoch	Round_4_Replicate_30	-761.05	1536.1	1132.52	123.41	3.1126,0.3418,0.9184,0.5977,1.3112,0.4616,0.0957
founder_nomig_admix_two_epoch	Round_4_Replicate_31	-1154.26	2322.52	5490.89	88.96	4.9496,0.3816,0.6251,1.5307,0.6977,0.431,0.1504
founder_nomig_admix_two_epoch	Round_4_Replicate_32	-731.47	1476.94	1168.64	115.19	2.9123,0.3096,1.2095,0.9251,1.0242,0.379,0.1504
founder_nomig_admix_two_epoch	Round_4_Replicate_33	-1335.83	2685.66	14503.21	119.86	2.8788,0.3174,0.5547,1.6359,0.8791,0.2566,0.1278
founder_nomig_admix_two_epoch	Round_4_Replicate_34	-708.44	1430.88	1111.67	160.83	2.2569,0.3265,0.8121,0.7076,0.5659,0.4621,0.243
founder_nomig_admix_two_epoch	Round_4_Replicate_35	-1057.48	2128.96	3665.44	78.64	5.2778,0.783,0.7237,1.5676,0.7058,0.3379,0.2325
founder_nomig_admix_two_epoch	Round_4_Replicate_36	-725.39	1464.78	1172.12	165.72	2.035,0.5943,0.8452,0.7411,0.9469,0.4003,0.2699
founder_nomig_admix_two_epoch	Round_4_Replicate_37	-739.68	1493.36	1674.12	206.59	1.7425,0.5728,0.6021,0.6121,0.7533,0.4502,0.1095
founder_nomig_admix_two_epoch	Round_4_Replicate_38	-1065.11	2144.22	4504.53	117.97	3.7391,0.8335,0.5232,1.2141,1.0585,0.4533,0.1967
founder_nomig_admix_two_epoch	Round_4_Replicate_39	-877.04	1768.08	1774.34	113.87	3.8649,0.2673,0.5156,0.5581,0.7721,0.4436,0.0759
founder_nomig_admix_two_epoch	Round_4_Replicate_40	-705.05	1424.1	1184.91	226.43	1.6516,0.49,0.5419,0.5368,0.7512,0.4666,0.2661
