Model	Replicate	log-likelihood	AIC	chi-squared	theta	optimized_params(nuA, nu1, nu2, m12, m21, T1, T2, s)
vic_sec_contact_asym_mig	Round_1_Replicate_1	-3999.64	8015.28	2656609.81	214.24	6.6951,0.6306,6.0658,2.6975,2.4066,0.483,1.4266,0.0355
vic_sec_contact_asym_mig	Round_1_Replicate_2	-1917.11	3850.22	11793.72	89.61	5.9609,0.794,2.3279,0.2016,0.8488,2.8653,2.8904,0.0562
vic_sec_contact_asym_mig	Round_1_Replicate_3	-7600.94	15217.88	13753823745.6	158.75	5.0347,0.2591,0.1692,5.7657,5.9224,1.3739,4.425,0.1034
vic_sec_contact_asym_mig	Round_1_Replicate_4	-3598.76	7213.52	2604908.05	104.7	3.9741,0.2167,0.1817,0.3292,0.9635,0.1847,4.3585,0.4885
vic_sec_contact_asym_mig	Round_1_Replicate_5	-1412.95	2841.9	7299.94	814.87	0.2603,1.9565,0.3863,0.6274,1.6567,0.149,0.3482,0.0658
vic_sec_contact_asym_mig	Round_1_Replicate_6	-1444.63	2905.26	4403.88	188.63	0.5601,1.9462,7.9312,0.1331,0.1549,5.4626,0.3155,0.4253
vic_sec_contact_asym_mig	Round_1_Replicate_7	-2290.4	4596.8	18061.87	642.27	0.2093,3.8125,3.9745,3.1464,0.1573,0.9814,0.1956,0.082
vic_sec_contact_asym_mig	Round_1_Replicate_8	-2720.41	5456.82	75830.3	144.26	6.49,1.4644,0.3431,0.7557,2.1951,1.1859,0.3759,0.0338
vic_sec_contact_asym_mig	Round_1_Replicate_9	-2503.78	5023.56	19328.46	1275.98	0.1428,1.0497,0.4254,7.4429,0.1787,0.2739,0.1821,0.0714
vic_sec_contact_asym_mig	Round_1_Replicate_10	-742.41	1500.82	1120.38	371.41	0.696,5.3533,4.1502,0.4613,0.3016,1.1284,0.1228,0.4885
vic_sec_contact_asym_mig	Round_2_Replicate_1	-823.31	1662.62	1333.15	373.18	0.5749,7.4705,5.0476,0.4837,0.5165,1.4122,0.1928,0.4885
vic_sec_contact_asym_mig	Round_2_Replicate_2	-812.76	1641.52	1574.18	426.23	0.5872,7.1161,16.1474,0.508,0.1858,0.9289,0.0614,0.4885
vic_sec_contact_asym_mig	Round_2_Replicate_3	-1025.38	2066.76	1970.54	155.38	2.3936,3.2233,1.4904,1.0336,0.8539,2.5152,0.0629,0.495
vic_sec_contact_asym_mig	Round_2_Replicate_4	-1055.19	2126.38	2637.21	241.15	0.8954,18.722,1.414,0.192,0.1558,2.989,0.1138,0.3413
vic_sec_contact_asym_mig	Round_2_Replicate_5	-988.31	1992.62	2028.88	469.93	0.3205,6.416,1.1596,0.2423,0.5119,1.2358,0.3036,0.4885
vic_sec_contact_asym_mig	Round_2_Replicate_6	-1217.79	2451.58	3874.59	479.19	0.3881,2.072,3.6612,0.2383,0.5655,1.1631,0.1231,0.1608
vic_sec_contact_asym_mig	Round_2_Replicate_7	-1799.52	3615.04	23264.5	316.78	1.1488,12.3951,10.3254,1.7173,0.8905,0.356,0.1605,0.4885
vic_sec_contact_asym_mig	Round_2_Replicate_8	-952.29	1920.58	2518.6	160.38	2.6876,3.2717,4.758,0.1273,0.2348,2.4374,0.0716,0.1735
vic_sec_contact_asym_mig	Round_2_Replicate_9	-812.3	1640.6	1683.56	316.02	0.8566,2.9755,4.1498,0.1813,0.3405,1.4203,0.3357,0.2233
vic_sec_contact_asym_mig	Round_2_Replicate_10	-1201.34	2418.68	3091.73	236.67	1.5543,4.7067,2.9141,0.6757,0.2024,1.4853,0.4746,0.1921
vic_sec_contact_asym_mig	Round_2_Replicate_11	-918.08	1852.16	1557.76	370.28	0.4096,2.7597,5.7918,0.351,1.0418,1.9769,0.3313,0.4779
vic_sec_contact_asym_mig	Round_2_Replicate_12	-1928.88	3873.76	7685.13	298.75	0.2157,14.706,13.2129,1.5843,0.1412,3.5603,0.0573,0.4885
vic_sec_contact_asym_mig	Round_2_Replicate_13	-944.7	1905.4	2289.61	547.55	0.4012,12.5034,6.2887,0.3231,0.2946,0.6391,0.0363,0.4885
vic_sec_contact_asym_mig	Round_2_Replicate_14	-1562.44	3140.88	4675.11	257.14	0.4058,7.1495,2.1763,0.5297,0.495,3.8714,0.0701,0.4839
vic_sec_contact_asym_mig	Round_2_Replicate_15	-1566.08	3148.16	5561.18	305.77	0.3554,1.7551,2.3622,0.3667,0.7566,3.1121,0.0778,0.2137
vic_sec_contact_asym_mig	Round_2_Replicate_16	-662.89	1341.78	814.34	269.27	1.2716,6.9675,16.828,0.4394,0.1795,1.1402,0.0712,0.4824
vic_sec_contact_asym_mig	Round_2_Replicate_17	-827.19	1670.38	1213.91	204.81	1.9068,14.184,1.4669,1.1462,0.3768,1.4054,0.0492,0.495
vic_sec_contact_asym_mig	Round_2_Replicate_18	-845.49	1706.98	1399.75	531.66	0.3497,13.0637,9.8445,0.3841,0.8863,0.7878,0.2302,0.4885
vic_sec_contact_asym_mig	Round_2_Replicate_19	-1343.02	2702.04	5214.48	666.9	0.2878,16.603,12.9312,0.1365,0.3015,0.3449,0.199,0.1567
vic_sec_contact_asym_mig	Round_2_Replicate_20	-1007.84	2031.68	2421.85	288.46	1.3932,11.8861,15.1955,0.2738,0.4213,0.4507,0.0875,0.4135
vic_sec_contact_asym_mig	Round_3_Replicate_1	-1503.59	3023.18	10812.7	281.49	0.5666,4.9385,5.1992,0.1537,0.1865,2.9553,0.0375,0.4587
vic_sec_contact_asym_mig	Round_3_Replicate_2	-1205.76	2427.52	7472.38	257.71	0.7978,15.8367,17.5612,0.155,0.1462,2.8366,0.0505,0.4444
vic_sec_contact_asym_mig	Round_3_Replicate_3	-1280.44	2576.88	3414.56	371.14	0.3524,18.1305,17.586,0.7951,0.1224,2.1263,0.1121,0.4795
vic_sec_contact_asym_mig	Round_3_Replicate_4	-1584.73	3185.46	8448.83	183.78	3.9139,1.8971,16.6593,0.0992,0.0979,0.6222,0.1084,0.2286
vic_sec_contact_asym_mig	Round_3_Replicate_5	-787.86	1591.72	1911.08	222.74	1.3679,15.5371,11.0604,0.2687,0.0508,2.1654,0.097,0.4689
vic_sec_contact_asym_mig	Round_3_Replicate_6	-762.73	1541.46	1528.47	471.29	0.5892,19.6104,19.4566,0.1132,0.1209,0.3136,0.156,0.2896
vic_sec_contact_asym_mig	Round_3_Replicate_7	-1084.37	2184.74	2333.99	187.61	2.2465,4.7671,7.4409,0.3507,0.5858,1.8928,0.2393,0.149
vic_sec_contact_asym_mig	Round_3_Replicate_8	-847.41	1710.82	1315.84	210.95	2.0368,9.6164,10.4787,0.5071,0.4119,1.0258,0.0271,0.4677
vic_sec_contact_asym_mig	Round_3_Replicate_9	-727.88	1471.76	1123.61	305.71	1.002,2.2209,9.2401,0.9177,0.6373,1.2414,0.031,0.48
vic_sec_contact_asym_mig	Round_3_Replicate_10	-971.28	1958.56	1884.25	285.96	0.5446,11.7732,18.7944,1.6342,0.3602,2.8235,0.2278,0.4993
vic_sec_contact_asym_mig	Round_3_Replicate_11	-1298.88	2613.76	5870.96	349.01	0.911,9.2573,18.722,0.1766,0.058,1.0688,0.0549,0.1497
vic_sec_contact_asym_mig	Round_3_Replicate_12	-998.06	2012.12	1819.2	194.86	1.0965,2.9136,18.722,0.1467,0.4532,3.8295,0.1655,0.4869
vic_sec_contact_asym_mig	Round_3_Replicate_13	-1023.54	2063.08	3688.46	255.23	1.4151,2.1886,5.6217,0.2378,0.0843,1.5216,0.0467,0.2053
vic_sec_contact_asym_mig	Round_3_Replicate_14	-809.97	1635.94	1250.99	330.38	1.1423,18.0326,18.0094,0.293,0.1228,0.407,0.1503,0.2983
vic_sec_contact_asym_mig	Round_3_Replicate_15	-2349.43	4714.86	99343.18	137.08	3.9447,3.5256,18.722,0.6126,0.5414,1.1566,0.262,0.4775
vic_sec_contact_asym_mig	Round_3_Replicate_16	-1658.05	3332.1	7526.47	231.57	4.0483,17.2925,17.2448,0.7834,0.3498,0.4255,0.0277,0.1057
vic_sec_contact_asym_mig	Round_3_Replicate_17	-860.26	1736.52	1966.6	313.68	0.85,5.5304,10.9358,0.5968,0.0573,1.5583,0.0724,0.4736
vic_sec_contact_asym_mig	Round_3_Replicate_18	-1632.81	3281.62	15402.68	266.94	1.6946,2.0706,6.9509,1.3624,0.0486,0.3616,0.0842,0.4758
vic_sec_contact_asym_mig	Round_3_Replicate_19	-694.73	1405.46	858.79	337.03	1.0006,1.9337,18.722,0.3057,0.052,0.465,0.1137,0.4869
vic_sec_contact_asym_mig	Round_3_Replicate_20	-1590.85	3197.7	12475.77	172.86	3.1507,2.0932,15.3834,0.2459,0.6016,0.8384,0.0609,0.4758
vic_sec_contact_asym_mig	Round_3_Replicate_21	-1914.12	3844.24	30786.74	238.11	2.2702,3.565,17.7253,0.7776,0.1377,0.3803,0.0249,0.4686
vic_sec_contact_asym_mig	Round_3_Replicate_22	-1039.14	2094.28	2217.41	276.78	0.4973,7.3394,6.8307,1.5028,0.6449,3.1987,0.2694,0.3995
vic_sec_contact_asym_mig	Round_3_Replicate_23	-857.09	1730.18	2184.96	562.21	0.415,11.3966,4.5727,0.2804,0.1121,0.3371,0.0225,0.3019
vic_sec_contact_asym_mig	Round_3_Replicate_24	-712.38	1440.76	960.43	322.11	0.966,4.2276,5.7757,0.8465,0.0671,0.9861,0.0877,0.4954
vic_sec_contact_asym_mig	Round_3_Replicate_25	-982.84	1981.68	1822.77	139.29	3.8285,11.2329,18.722,0.4218,0.6285,1.9309,0.0163,0.2353
vic_sec_contact_asym_mig	Round_3_Replicate_26	-725.48	1466.96	1280.0	207.21	1.5721,5.1955,9.9755,0.2401,0.3255,2.1568,0.0744,0.4637
vic_sec_contact_asym_mig	Round_3_Replicate_27	-1064.64	2145.28	2034.23	187.01	1.3433,10.4184,15.8206,1.3646,0.1473,3.5441,0.212,0.4706
vic_sec_contact_asym_mig	Round_3_Replicate_28	-976.22	1968.44	2129.25	339.89	0.6281,10.4406,18.4477,0.5911,0.5538,1.84,0.1042,0.299
vic_sec_contact_asym_mig	Round_3_Replicate_29	-2117.36	4250.72	37571.75	274.51	0.399,3.494,17.8194,0.1421,0.0794,3.5556,0.0258,0.4679
vic_sec_contact_asym_mig	Round_3_Replicate_30	-2652.44	5320.88	196832.86	177.25	3.6524,11.4964,18.722,0.766,0.0498,0.4281,0.2175,0.4869
vic_sec_contact_asym_mig	Round_4_Replicate_1	-744.25	1504.5	986.52	290.61	1.2899,12.8125,17.0872,0.613,0.1532,0.6492,0.0298,0.4583
vic_sec_contact_asym_mig	Round_4_Replicate_2	-622.74	1261.48	744.56	386.86	0.7781,8.7218,17.0129,0.5853,0.2548,0.5768,0.04,0.4807
vic_sec_contact_asym_mig	Round_4_Replicate_3	-728.02	1472.04	1079.34	293.59	1.0078,3.5784,8.4765,0.7784,0.227,1.4239,0.0754,0.4922
vic_sec_contact_asym_mig	Round_4_Replicate_4	-1020.69	2057.38	2344.36	252.6	1.7615,9.2158,17.6258,0.4734,0.1828,0.6007,0.1276,0.341
vic_sec_contact_asym_mig	Round_4_Replicate_5	-675.23	1366.46	883.59	234.29	1.4987,4.2197,13.4481,0.3265,0.2103,1.4834,0.0849,0.4346
vic_sec_contact_asym_mig	Round_4_Replicate_6	-725.07	1466.14	1064.94	214.84	1.8466,5.5374,14.8708,0.2175,0.1993,1.4055,0.0502,0.3559
vic_sec_contact_asym_mig	Round_4_Replicate_7	-928.44	1872.88	1648.38	259.31	1.7409,15.6815,10.2726,0.7141,0.2718,0.7066,0.0504,0.271
vic_sec_contact_asym_mig	Round_4_Replicate_8	-644.18	1304.36	765.2	321.31	1.0556,12.6589,15.4001,0.2366,0.2021,0.7056,0.0803,0.4349
vic_sec_contact_asym_mig	Round_4_Replicate_9	-656.4	1328.8	835.13	302.99	1.0716,6.1269,11.2817,0.4136,0.2659,1.035,0.0658,0.4641
vic_sec_contact_asym_mig	Round_4_Replicate_10	-698.76	1413.52	895.81	314.46	1.1392,6.2508,16.4124,0.3475,0.1025,0.615,0.0849,0.3976
vic_sec_contact_asym_mig	Round_4_Replicate_11	-749.87	1515.74	1520.36	192.19	1.8151,4.4482,16.3186,0.5178,0.1352,2.259,0.0564,0.3844
vic_sec_contact_asym_mig	Round_4_Replicate_12	-716.83	1449.66	1116.06	294.81	1.0154,5.4974,11.4105,0.3867,0.154,1.3938,0.1285,0.4061
vic_sec_contact_asym_mig	Round_4_Replicate_13	-672.98	1361.96	850.89	343.82	0.9643,6.5539,8.7919,0.5294,0.1305,0.6299,0.0874,0.4079
vic_sec_contact_asym_mig	Round_4_Replicate_14	-700.05	1416.1	969.86	318.94	0.9074,15.9188,14.3119,0.5338,0.1233,1.2054,0.1473,0.4827
vic_sec_contact_asym_mig	Round_4_Replicate_15	-749.39	1514.78	1200.77	321.64	0.7918,15.3582,16.682,0.3498,0.1508,1.469,0.2056,0.4753
vic_sec_contact_asym_mig	Round_4_Replicate_16	-913.95	1843.9	3141.94	324.63	0.8118,6.7442,15.9623,0.4734,0.2062,1.583,0.0451,0.3592
vic_sec_contact_asym_mig	Round_4_Replicate_17	-770.35	1556.7	1391.54	241.46	1.1671,7.3705,14.4741,0.5185,0.2012,2.1899,0.0922,0.4556
vic_sec_contact_asym_mig	Round_4_Replicate_18	-836.65	1689.3	1713.91	269.01	0.988,13.0971,12.1707,0.6264,0.1026,2.0242,0.0831,0.4585
vic_sec_contact_asym_mig	Round_4_Replicate_19	-691.13	1398.26	960.05	213.44	1.6666,11.722,16.1936,0.3699,0.0908,1.6616,0.0849,0.4775
vic_sec_contact_asym_mig	Round_4_Replicate_20	-752.79	1521.58	994.39	259.13	1.4463,9.5266,16.131,0.4961,0.259,0.8984,0.0973,0.4607
vic_sec_contact_asym_mig	Round_4_Replicate_21	-704.77	1425.54	1187.23	262.33	1.299,7.017,17.1954,0.218,0.3061,1.3608,0.0439,0.3926
vic_sec_contact_asym_mig	Round_4_Replicate_22	-677.36	1370.72	860.95	304.77	1.1682,10.7211,17.3361,0.4272,0.1261,0.7267,0.0421,0.4276
vic_sec_contact_asym_mig	Round_4_Replicate_23	-952.75	1921.5	2163.7	308.48	0.7694,7.3548,17.0133,0.2202,0.191,1.908,0.1135,0.3304
vic_sec_contact_asym_mig	Round_4_Replicate_24	-686.61	1389.22	989.5	385.19	0.7773,10.9959,10.3561,0.8394,0.1138,0.7059,0.0524,0.4266
vic_sec_contact_asym_mig	Round_4_Replicate_25	-987.27	1990.54	2863.02	329.21	0.7288,14.5317,18.4809,0.3988,0.1312,1.7233,0.063,0.3769
vic_sec_contact_asym_mig	Round_4_Replicate_26	-684.16	1384.32	902.92	254.82	1.2836,15.8735,16.8632,0.3023,0.3021,1.4648,0.0987,0.464
vic_sec_contact_asym_mig	Round_4_Replicate_27	-1010.85	2037.7	2343.89	359.54	0.6322,6.399,17.0133,0.7248,0.1412,1.5837,0.0794,0.3469
vic_sec_contact_asym_mig	Round_4_Replicate_28	-717.24	1450.48	1015.3	207.96	1.675,4.0484,13.0292,0.5864,0.3087,1.8909,0.0653,0.4478
vic_sec_contact_asym_mig	Round_4_Replicate_29	-694.8	1405.6	999.65	210.76	1.7206,6.3976,17.1665,0.3942,0.2757,1.6792,0.0452,0.4541
vic_sec_contact_asym_mig	Round_4_Replicate_30	-628.34	1272.68	765.95	361.36	0.8715,3.8358,8.1602,0.4707,0.2936,0.6396,0.0339,0.4664
vic_sec_contact_asym_mig	Round_4_Replicate_31	-662.55	1341.1	861.19	318.32	0.997,4.094,9.4264,0.5899,0.2655,0.9946,0.0562,0.464
vic_sec_contact_asym_mig	Round_4_Replicate_32	-634.61	1285.22	810.07	376.94	0.8061,4.4749,16.2569,0.7235,0.2185,0.6476,0.0316,0.4813
vic_sec_contact_asym_mig	Round_4_Replicate_33	-708.42	1432.84	887.09	272.31	1.3514,6.0891,15.8365,0.8202,0.1445,0.8728,0.0362,0.4768
vic_sec_contact_asym_mig	Round_4_Replicate_34	-695.18	1406.36	956.37	187.84	1.9048,6.1996,17.3387,0.3807,0.1313,2.0431,0.0943,0.4747
vic_sec_contact_asym_mig	Round_4_Replicate_35	-690.07	1396.14	883.38	254.08	1.3252,8.8454,18.8786,0.6287,0.1418,1.3598,0.0809,0.4922
vic_sec_contact_asym_mig	Round_4_Replicate_36	-750.38	1516.76	1034.25	326.99	0.8426,6.6526,16.6425,0.8731,0.2544,1.3026,0.1182,0.496
vic_sec_contact_asym_mig	Round_4_Replicate_37	-859.02	1734.04	1381.06	217.92	1.8255,5.2195,16.1211,0.87,0.2085,1.1551,0.0854,0.4757
vic_sec_contact_asym_mig	Round_4_Replicate_38	-753.2	1522.4	1120.65	242.52	1.6778,4.4796,13.1417,0.1953,0.1257,1.0482,0.0536,0.3214
vic_sec_contact_asym_mig	Round_4_Replicate_39	-842.64	1701.28	1800.41	320.38	0.8242,4.2294,17.4915,0.6124,0.0908,1.5311,0.0726,0.4627
vic_sec_contact_asym_mig	Round_4_Replicate_40	-705.28	1426.56	1020.13	195.53	1.838,8.3167,11.4172,0.4482,0.0976,1.922,0.0787,0.4637
