Model	Replicate	log-likelihood	AIC	chi-squared	theta	optimized_params(nuA, nu1, nu2, T, s)
vic_no_mig	Round_1_Replicate_1	-958.88	1927.76	1815.18	302.14	1.4784,0.632,1.5353,0.4931,0.2348
vic_no_mig	Round_1_Replicate_2	-2921.86	5853.72	2.54977730483e+20	162.49	0.154,1.52,0.9758,4.8529,0.0403
vic_no_mig	Round_1_Replicate_3	-803.09	1616.18	1922.92	293.86	1.2713,1.2215,2.7758,0.7806,0.3717
vic_no_mig	Round_1_Replicate_4	-2862.42	5734.84	72230409.79	575.62	0.2592,2.2041,4.6735,0.9945,0.4847
vic_no_mig	Round_1_Replicate_5	-2377.75	4765.5	4.48650586183e+11	123.78	1.1092,2.0073,0.7472,8.2187,0.3624
vic_no_mig	Round_1_Replicate_6	-3215.97	6441.94	838427.5	274.35	2.1166,0.5783,0.6725,0.1872,0.4847
vic_no_mig	Round_1_Replicate_7	-2857.96	5725.92	290871.55	202.54	3.5287,0.1348,2.2327,0.3923,0.4847
vic_no_mig	Round_1_Replicate_8	-1541.6	3093.2	19704.29	185.6	2.877,0.9812,0.1201,1.5307,0.1238
vic_no_mig	Round_1_Replicate_9	-3199.99	6409.98	150876049.93	740.21	0.1607,0.4174,0.8908,0.6618,0.4847
vic_no_mig	Round_1_Replicate_10	-2522.89	5055.78	5.17402700615e+19	203.71	0.1673,0.1499,1.3268,3.5745,0.208
vic_no_mig	Round_2_Replicate_1	-3385.37	6780.74	3.09433435315e+11	310.69	0.4531,1.4364,6.0981,2.7725,0.4786
vic_no_mig	Round_2_Replicate_2	-1869.92	3749.84	63331.76	466.31	0.6396,2.5542,4.3564,0.4977,0.1215
vic_no_mig	Round_2_Replicate_3	-1612.11	3234.22	13081.71	251.7	1.9866,0.6503,5.8898,0.3945,0.4786
vic_no_mig	Round_2_Replicate_4	-926.2	1862.4	2340.42	176.39	2.4858,2.147,0.8994,1.4266,0.4847
vic_no_mig	Round_2_Replicate_5	-1090.7	2191.4	12842.67	217.57	1.5786,0.3203,3.8515,1.8221,0.4839
vic_no_mig	Round_2_Replicate_6	-655.46	1320.92	909.37	461.31	0.5531,0.3319,1.6192,0.2788,0.4658
vic_no_mig	Round_2_Replicate_7	-1076.26	2162.52	2443.9	414.27	0.854,2.6883,3.4614,0.2094,0.1539
vic_no_mig	Round_2_Replicate_8	-1611.84	3233.68	118537.69	303.6	0.9188,0.8004,4.1046,1.6636,0.3666
vic_no_mig	Round_2_Replicate_9	-1751.2	3512.4	66923.92	456.46	0.6289,3.1484,2.4048,0.6415,0.1656
vic_no_mig	Round_2_Replicate_10	-723.4	1456.8	1110.55	354.94	0.9254,1.3951,2.1755,0.4735,0.4847
vic_no_mig	Round_2_Replicate_11	-1296.48	2602.96	53702144482.6	214.66	0.6457,0.4549,0.7027,2.0915,0.1174
vic_no_mig	Round_2_Replicate_12	-1138.15	2286.3	4212.11	578.28	0.3675,0.3657,1.8903,0.2043,0.191
vic_no_mig	Round_2_Replicate_13	-1126.68	2263.36	2763.52	185.56	2.6809,3.5728,10.9821,0.9437,0.4847
vic_no_mig	Round_2_Replicate_14	-1297.42	2604.84	18125.99	169.05	2.5749,2.5581,3.4835,2.1421,0.2247
vic_no_mig	Round_2_Replicate_15	-851.43	1712.86	2556.13	228.72	1.6943,1.6131,0.9793,1.1767,0.4847
vic_no_mig	Round_2_Replicate_16	-2278.46	4566.92	46129006469.9	338.25	0.3868,0.8711,1.2767,2.1676,0.1996
vic_no_mig	Round_2_Replicate_17	-2389.37	4788.74	1087378.89	605.92	0.3618,0.9932,1.9383,0.4401,0.1281
vic_no_mig	Round_2_Replicate_18	-1697.69	3405.38	74676.84	537.16	0.4103,3.9043,6.5901,0.7467,0.383
vic_no_mig	Round_2_Replicate_19	-1513.39	3036.78	66685.96	339.9	0.8032,1.8681,1.6397,1.3865,0.4067
vic_no_mig	Round_2_Replicate_20	-1246.31	2502.62	17606.48	395.76	0.7252,0.3123,3.6487,0.9046,0.34
vic_no_mig	Round_3_Replicate_1	-1195.76	2401.52	14829.13	424.31	0.6311,0.7365,0.969,0.8448,0.4487
vic_no_mig	Round_3_Replicate_2	-1026.38	2062.76	2320.29	513.4	0.3216,0.2345,1.8645,0.0751,0.2589
vic_no_mig	Round_3_Replicate_3	-796.08	1602.16	1346.8	306.93	1.2389,0.1001,0.4971,0.58,0.3814
vic_no_mig	Round_3_Replicate_4	-657.83	1325.66	1036.65	619.37	0.2244,0.1109,5.8662,0.105,0.3791
vic_no_mig	Round_3_Replicate_5	-627.31	1264.62	862.43	522.22	0.4108,0.3019,4.3347,0.2179,0.4845
vic_no_mig	Round_3_Replicate_6	-747.19	1504.38	1179.68	363.61	0.9261,0.4627,0.9971,0.4294,0.3808
vic_no_mig	Round_3_Replicate_7	-861.16	1732.32	1561.97	514.35	0.3629,0.115,2.2912,0.1084,0.3053
vic_no_mig	Round_3_Replicate_8	-1294.58	2599.16	3746.66	290.99	1.9357,0.2314,2.3512,0.3466,0.1868
vic_no_mig	Round_3_Replicate_9	-966.59	1943.18	1950.82	294.92	1.3627,0.1355,2.7432,0.4545,0.4429
vic_no_mig	Round_3_Replicate_10	-628.8	1267.6	954.33	529.58	0.4099,0.1425,1.1427,0.2355,0.4633
vic_no_mig	Round_3_Replicate_11	-1847.61	3705.22	26838.98	283.97	1.6849,0.9854,1.6132,0.2742,0.4429
vic_no_mig	Round_3_Replicate_12	-989.28	1988.56	5449.35	530.56	0.4513,1.132,2.4274,0.4954,0.4505
vic_no_mig	Round_3_Replicate_13	-611.79	1233.58	869.63	598.49	0.2805,0.4027,1.6948,0.154,0.4696
vic_no_mig	Round_3_Replicate_14	-695.26	1400.52	1091.72	384.34	0.8033,0.5783,1.9395,0.4358,0.472
vic_no_mig	Round_3_Replicate_15	-655.36	1320.72	1057.21	524.86	0.4219,0.454,0.9497,0.2248,0.388
vic_no_mig	Round_3_Replicate_16	-2559.35	5128.7	60730935133.6	671.47	0.1724,0.0814,1.1327,0.7617,0.2124
vic_no_mig	Round_3_Replicate_17	-633.06	1276.12	884.15	505.88	0.4469,0.1079,5.527,0.2415,0.4944
vic_no_mig	Round_3_Replicate_18	-728.39	1466.78	1387.11	516.67	0.4519,0.0863,2.0707,0.2309,0.3136
vic_no_mig	Round_3_Replicate_19	-970.0	1950.0	2304.31	499.82	0.4863,0.8063,0.6798,0.1629,0.1885
vic_no_mig	Round_3_Replicate_20	-608.1	1226.2	818.58	648.06	0.1956,0.2031,0.943,0.102,0.4846
vic_no_mig	Round_3_Replicate_21	-811.59	1633.18	1727.13	592.98	0.2631,0.2736,4.3986,0.108,0.264
vic_no_mig	Round_3_Replicate_22	-850.77	1711.54	1420.47	351.79	0.9748,1.0317,0.8555,0.3507,0.4429
vic_no_mig	Round_3_Replicate_23	-2121.61	4253.22	441121.75	576.96	0.3252,1.3526,6.3837,0.8015,0.4487
vic_no_mig	Round_3_Replicate_24	-2555.42	5120.84	58064454212.5	567.55	0.1969,0.2364,3.9434,1.1057,0.258
vic_no_mig	Round_3_Replicate_25	-805.48	1620.96	1423.63	390.83	0.8543,0.2309,3.3022,0.3557,0.2849
vic_no_mig	Round_3_Replicate_26	-616.78	1243.56	888.61	568.59	0.3329,0.3929,1.4941,0.1871,0.4786
vic_no_mig	Round_3_Replicate_27	-1284.85	2579.7	5773.75	351.4	1.0014,1.3017,2.4999,0.2223,0.4429
vic_no_mig	Round_3_Replicate_28	-740.14	1490.28	1099.26	427.94	0.6633,0.1949,1.0647,0.268,0.3754
vic_no_mig	Round_3_Replicate_29	-665.89	1341.78	1109.06	485.81	0.5139,0.0996,1.178,0.2839,0.392
vic_no_mig	Round_3_Replicate_30	-1121.82	2253.64	2424.32	272.77	1.9395,0.1925,1.437,0.4781,0.2118
vic_no_mig	Round_4_Replicate_1	-609.9	1229.8	801.72	628.34	0.2173,0.314,1.0802,0.1105,0.4871
vic_no_mig	Round_4_Replicate_2	-609.9	1229.8	854.7	687.99	0.1544,0.3228,0.5164,0.0838,0.4851
vic_no_mig	Round_4_Replicate_3	-608.37	1226.74	830.88	671.75	0.171,0.1094,1.7037,0.0919,0.4944
vic_no_mig	Round_4_Replicate_4	-613.43	1236.86	837.27	697.08	0.1289,0.1928,1.5746,0.0659,0.4804
vic_no_mig	Round_4_Replicate_5	-614.79	1239.58	830.82	571.88	0.3158,0.1149,0.994,0.1675,0.4883
vic_no_mig	Round_4_Replicate_6	-710.13	1430.26	1346.02	639.01	0.2086,0.1249,1.0749,0.1005,0.3293
vic_no_mig	Round_4_Replicate_7	-615.58	1241.16	902.26	695.57	0.1441,0.2477,0.494,0.0771,0.4568
vic_no_mig	Round_4_Replicate_8	-616.71	1243.42	848.9	562.31	0.3363,0.2167,1.5767,0.1822,0.49
vic_no_mig	Round_4_Replicate_9	-664.38	1338.76	1191.41	595.93	0.3036,0.2275,0.465,0.1726,0.3744
vic_no_mig	Round_4_Replicate_10	-700.77	1411.54	1126.86	579.87	0.2724,0.0954,1.577,0.1135,0.3479
vic_no_mig	Round_4_Replicate_11	-641.55	1293.1	1076.99	645.54	0.2216,0.1077,1.7836,0.1228,0.3988
vic_no_mig	Round_4_Replicate_12	-611.43	1232.86	844.07	619.73	0.237,0.3767,1.1948,0.1228,0.4613
vic_no_mig	Round_4_Replicate_13	-609.88	1229.76	883.01	650.23	0.2116,0.1636,0.6829,0.1197,0.4789
vic_no_mig	Round_4_Replicate_14	-621.31	1252.62	965.77	613.17	0.2686,0.3392,0.5485,0.1527,0.4368
vic_no_mig	Round_4_Replicate_15	-609.69	1229.38	839.64	686.7	0.1514,0.2057,1.4426,0.0807,0.4881
vic_no_mig	Round_4_Replicate_16	-623.28	1256.56	803.41	561.13	0.3201,0.1101,1.2384,0.1562,0.4829
vic_no_mig	Round_4_Replicate_17	-610.52	1231.04	830.14	689.35	0.1434,0.1357,1.3927,0.075,0.489
vic_no_mig	Round_4_Replicate_18	-611.66	1233.32	853.03	702.32	0.1355,0.1173,0.6077,0.073,0.4886
vic_no_mig	Round_4_Replicate_19	-618.47	1246.94	924.54	649.16	0.2037,0.2686,1.1376,0.1084,0.4351
vic_no_mig	Round_4_Replicate_20	-610.46	1230.92	859.56	609.89	0.2644,0.2987,0.6901,0.1477,0.4898
vic_no_mig	Round_4_Replicate_21	-619.45	1248.9	859.73	708.92	0.1096,0.3477,1.5475,0.0548,0.4689
vic_no_mig	Round_4_Replicate_22	-609.81	1229.62	856.72	671.14	0.171,0.3324,0.8515,0.0909,0.4704
vic_no_mig	Round_4_Replicate_23	-610.19	1230.38	881.97	645.56	0.2189,0.2179,0.6758,0.1247,0.485
vic_no_mig	Round_4_Replicate_24	-608.62	1227.24	829.67	671.08	0.1677,0.1743,0.7254,0.0883,0.4853
vic_no_mig	Round_4_Replicate_25	-612.77	1235.54	863.88	586.83	0.2982,0.1004,0.5889,0.1632,0.4741
vic_no_mig	Round_4_Replicate_26	-616.15	1242.3	864.22	567.79	0.3283,0.2533,0.6102,0.177,0.4691
vic_no_mig	Round_4_Replicate_27	-609.01	1228.02	819.23	665.3	0.1708,0.3899,0.9685,0.0883,0.4851
vic_no_mig	Round_4_Replicate_28	-608.28	1226.56	837.11	669.88	0.1756,0.2307,1.4533,0.0952,0.4935
vic_no_mig	Round_4_Replicate_29	-610.03	1230.06	847.91	666.87	0.1728,0.3097,1.0279,0.0904,0.4696
vic_no_mig	Round_4_Replicate_30	-607.57	1225.14	829.94	652.91	0.1941,0.1177,0.5583,0.1034,0.486
vic_no_mig	Round_4_Replicate_31	-609.04	1228.08	814.65	664.72	0.1707,0.2818,0.5672,0.0881,0.488
vic_no_mig	Round_4_Replicate_32	-615.86	1241.72	850.93	568.52	0.3266,0.3709,1.2962,0.1787,0.4944
vic_no_mig	Round_4_Replicate_33	-610.06	1230.12	831.31	618.84	0.2379,0.1554,0.8676,0.1236,0.4704
vic_no_mig	Round_4_Replicate_34	-616.56	1243.12	877.37	572.84	0.3247,0.3804,1.331,0.1833,0.4948
vic_no_mig	Round_4_Replicate_35	-627.63	1265.26	901.72	562.03	0.3346,0.1211,0.6295,0.171,0.4286
vic_no_mig	Round_4_Replicate_36	-614.28	1238.56	901.89	601.04	0.2808,0.2263,1.0995,0.1565,0.4574
vic_no_mig	Round_4_Replicate_37	-618.71	1247.42	887.3	702.35	0.1244,0.0957,1.1138,0.0637,0.4566
vic_no_mig	Round_4_Replicate_38	-608.01	1226.02	832.25	660.59	0.1827,0.1961,0.9032,0.0967,0.4827
vic_no_mig	Round_4_Replicate_39	-613.97	1237.94	855.63	577.33	0.313,0.1814,0.6421,0.1718,0.4867
vic_no_mig	Round_4_Replicate_40	-611.93	1233.86	836.88	656.44	0.1791,0.2529,0.9671,0.0908,0.4655
