Model	Replicate	log-likelihood	AIC	chi-squared	theta	optimized_params(nuA, nu1, nu2, T, s, f)
founder_nomig_admix_late	Round_1_Replicate_1	-6353.3	12718.6	16062946927.4	88.67	4.4416,0.1817,0.578,4.2885,0.4892,0.9811
founder_nomig_admix_late	Round_1_Replicate_2	-2440.13	4892.26	63380.47	1297.44	0.2054,0.1513,0.2556,0.1455,0.495,0.1411
founder_nomig_admix_late	Round_1_Replicate_3	-8852.76	17717.52	1.2294316256e+12	659.14	0.3815,0.1344,2.4368,0.1568,0.2253,0.5345
founder_nomig_admix_late	Round_1_Replicate_4	-5850.08	11712.16	1.43081289051e+12	128.33	1.6634,0.9818,0.1365,3.3546,0.0575,0.7962
founder_nomig_admix_late	Round_1_Replicate_5	-3692.77	7397.54	1703941.91	297.19	0.2173,2.9245,0.6257,1.0331,0.4177,0.2283
founder_nomig_admix_late	Round_1_Replicate_6	-5038.03	10088.06	30408946.47	485.97	0.7601,0.1588,0.1379,0.1495,0.3799,0.3361
founder_nomig_admix_late	Round_1_Replicate_7	-2521.52	5055.04	41340.28	76.46	4.7717,0.9299,0.9726,1.3311,0.0476,0.1277
founder_nomig_admix_late	Round_1_Replicate_8	-9177.38	18366.76	5.04758558183e+12	68.6	4.0803,0.1982,1.0793,4.3747,0.0897,0.6143
founder_nomig_admix_late	Round_1_Replicate_9	-8319.7	16651.4	1.75471638339e+11	330.24	0.383,0.2286,7.5991,0.9745,0.0345,0.5324
founder_nomig_admix_late	Round_1_Replicate_10	-2377.34	4766.68	24380.95	141.54	1.6654,8.1068,2.6817,1.6,0.0731,0.1452
founder_nomig_admix_late	Round_2_Replicate_1	-2630.5	5273.0	18446560026.4	110.1	0.6057,5.3422,4.8064,4.911,0.1256,0.0838
founder_nomig_admix_late	Round_2_Replicate_2	-1968.08	3948.16	6.89554045475e+16	142.28	0.9166,2.956,1.5361,4.6561,0.0219,0.0361
founder_nomig_admix_late	Round_2_Replicate_3	-5648.89	11309.78	347986417.1	121.49	2.5818,10.3203,2.3816,0.5236,0.2592,0.2994
founder_nomig_admix_late	Round_2_Replicate_4	-3328.6	6669.2	479548.02	68.43	4.8776,7.1159,1.5062,2.0701,0.0847,0.2003
founder_nomig_admix_late	Round_2_Replicate_5	-3696.07	7404.14	1048090.35	199.38	0.6418,17.5277,0.9383,3.3137,0.2023,0.2218
founder_nomig_admix_late	Round_2_Replicate_6	-2103.42	4218.84	5269661.03	75.31	2.5241,19.4339,3.2342,5.4249,0.0491,0.1171
founder_nomig_admix_late	Round_2_Replicate_7	-1697.21	3406.42	10105.57	197.68	1.6389,8.7969,1.0848,0.4933,0.1111,0.0707
founder_nomig_admix_late	Round_2_Replicate_8	-2578.89	5169.78	56123.8	72.14	5.0671,3.6825,8.6092,0.4345,0.0176,0.0797
founder_nomig_admix_late	Round_2_Replicate_9	-1871.36	3754.72	61841833.98	73.05	1.8328,2.1367,7.0804,5.4713,0.0536,0.042
founder_nomig_admix_late	Round_2_Replicate_10	-3836.7	7685.4	3338992.42	107.02	2.7587,17.9243,9.1854,0.43,0.1604,0.1064
founder_nomig_admix_late	Round_2_Replicate_11	-2441.84	4895.68	54057715081.5	149.12	0.5965,11.2608,1.3425,5.4412,0.0483,0.0947
founder_nomig_admix_late	Round_2_Replicate_12	-2248.77	4509.54	776327.19	402.75	0.4225,6.7528,2.7044,0.5528,0.0217,0.0918
founder_nomig_admix_late	Round_2_Replicate_13	-2293.93	4599.86	31024.63	79.24	4.2587,3.9154,1.3109,1.8602,0.1629,0.1465
founder_nomig_admix_late	Round_2_Replicate_14	-1913.61	3839.22	480064.37	115.24	0.9954,17.3395,5.8945,3.1283,0.1116,0.0478
founder_nomig_admix_late	Round_2_Replicate_15	-1868.86	3749.72	11379.9	75.71	4.5011,2.5452,4.5843,0.8363,0.0383,0.0609
founder_nomig_admix_late	Round_2_Replicate_16	-1505.26	3022.52	5618.97	171.76	2.0927,14.2606,0.7237,0.4806,0.0792,0.0481
founder_nomig_admix_late	Round_2_Replicate_17	-2310.69	4633.38	56310.05	185.52	1.2893,4.8933,3.7074,0.6532,0.2169,0.1006
founder_nomig_admix_late	Round_2_Replicate_18	-2174.5	4361.0	4088360.54	238.4	0.7128,6.8861,1.6288,1.5298,0.0428,0.117
founder_nomig_admix_late	Round_2_Replicate_19	-1748.9	3509.8	109110.47	142.64	1.2543,6.3307,2.7421,2.4648,0.0785,0.0658
founder_nomig_admix_late	Round_2_Replicate_20	-1791.39	3594.78	9351.97	54.84	5.3287,3.7578,3.5197,3.5976,0.0428,0.0877
founder_nomig_admix_late	Round_3_Replicate_1	-2326.24	4664.48	21646.33	377.8	0.6167,9.7036,0.9321,0.6364,0.0822,0.1458
founder_nomig_admix_late	Round_3_Replicate_2	-2569.62	5151.24	83439.62	83.13	4.567,10.5553,2.8596,0.2987,0.0343,0.0467
founder_nomig_admix_late	Round_3_Replicate_3	-2235.68	4483.36	37288.72	82.41	4.896,17.8132,0.4059,0.4012,0.1334,0.0548
founder_nomig_admix_late	Round_3_Replicate_4	-1666.01	3344.02	15208.08	93.61	3.7572,6.0598,1.4975,0.7244,0.2503,0.028
founder_nomig_admix_late	Round_3_Replicate_5	-2448.69	4909.38	30016.08	90.35	4.4577,12.5471,0.2602,0.6371,0.1223,0.1128
founder_nomig_admix_late	Round_3_Replicate_6	-1337.01	2686.02	3583.73	52.18	7.2724,18.6947,2.8262,1.1089,0.0316,0.01
founder_nomig_admix_late	Round_3_Replicate_7	-1139.84	2291.68	11814.54	295.61	1.0509,5.1256,0.3141,1.2974,0.2519,0.0199
founder_nomig_admix_late	Round_3_Replicate_8	-2091.05	4194.1	23650.39	90.68	4.677,5.2684,0.1689,0.2768,0.2499,0.0304
founder_nomig_admix_late	Round_3_Replicate_9	-1849.87	3711.74	9860.84	149.99	1.7935,13.2651,1.9378,1.1427,0.1391,0.1153
founder_nomig_admix_late	Round_3_Replicate_10	-1462.12	2936.24	5607.6	104.04	3.589,4.9731,1.2115,0.5134,0.0783,0.0119
founder_nomig_admix_late	Round_3_Replicate_11	-854.65	1721.3	2913.38	193.37	1.4221,18.9814,0.987,1.5007,0.27,0.0103
founder_nomig_admix_late	Round_3_Replicate_12	-1343.96	2699.92	30310.2	164.79	2.0138,15.8219,0.5593,1.409,0.0525,0.0115
founder_nomig_admix_late	Round_3_Replicate_13	-2693.76	5399.52	85434.77	361.26	0.9385,5.4952,0.8067,0.1945,0.0315,0.1318
founder_nomig_admix_late	Round_3_Replicate_14	-1901.36	3814.72	11786.64	267.09	0.7835,11.3738,0.7897,1.3646,0.2732,0.1159
founder_nomig_admix_late	Round_3_Replicate_15	-2405.52	4823.04	74730.02	91.68	3.4477,3.7577,1.8938,1.655,0.3258,0.1482
founder_nomig_admix_late	Round_3_Replicate_16	-1417.01	2846.02	13948.69	160.28	2.2907,16.0446,0.3374,1.1878,0.0614,0.012
founder_nomig_admix_late	Round_3_Replicate_17	-3243.88	6499.76	654566.79	201.77	1.8098,19.3134,0.4269,0.2452,0.1225,0.1504
founder_nomig_admix_late	Round_3_Replicate_18	-2428.23	4868.46	25804.52	331.81	0.5551,15.7844,2.0191,0.6801,0.175,0.1462
founder_nomig_admix_late	Round_3_Replicate_19	-982.64	1977.28	1958.84	615.94	0.5451,4.9787,0.2088,0.2591,0.1184,0.0182
founder_nomig_admix_late	Round_3_Replicate_20	-918.13	1848.26	1588.48	433.07	0.6995,16.0454,0.5301,0.325,0.2876,0.0116
founder_nomig_admix_late	Round_3_Replicate_21	-937.43	1886.86	1784.87	157.6	2.4493,10.433,0.4338,0.7379,0.2642,0.0121
founder_nomig_admix_late	Round_3_Replicate_22	-1180.24	2372.48	2449.8	489.28	0.5555,7.6545,1.2665,0.2515,0.0521,0.0108
founder_nomig_admix_late	Round_3_Replicate_23	-1951.08	3914.16	37899.63	198.95	0.7521,7.6909,2.2378,1.7596,0.141,0.0873
founder_nomig_admix_late	Round_3_Replicate_24	-1818.98	3649.96	8959.51	131.93	2.7347,15.2478,2.6928,0.3595,0.0247,0.0446
founder_nomig_admix_late	Round_3_Replicate_25	-932.25	1876.5	1864.28	104.56	3.5084,4.8944,0.7307,1.5824,0.1969,0.0169
founder_nomig_admix_late	Round_3_Replicate_26	-2479.07	4970.14	50930.17	62.89	6.2515,15.2478,2.6451,0.3415,0.0226,0.0535
founder_nomig_admix_late	Round_3_Replicate_27	-1201.14	2414.28	4187.63	114.51	2.7903,18.9557,1.6343,1.3926,0.0446,0.0217
founder_nomig_admix_late	Round_3_Replicate_28	-1897.76	3807.52	11451.17	118.15	3.5489,5.7815,0.1673,0.3758,0.19,0.0527
founder_nomig_admix_late	Round_3_Replicate_29	-1606.51	3225.02	25305403.91	280.45	0.6183,5.4226,1.0627,1.5602,0.0603,0.02
founder_nomig_admix_late	Round_3_Replicate_30	-2700.61	5413.22	218174.07	177.68	1.8149,14.5424,2.3844,0.2392,0.1858,0.0157
founder_nomig_admix_late	Round_4_Replicate_1	-876.03	1764.06	2396.47	100.11	2.8259,17.867,1.9726,2.3874,0.1719,0.0106
founder_nomig_admix_late	Round_4_Replicate_2	-962.05	1936.1	3219.24	120.56	2.8119,19.7231,0.7694,1.9633,0.1687,0.0105
founder_nomig_admix_late	Round_4_Replicate_3	-878.64	1769.28	2251.99	110.02	3.3258,13.5398,0.6905,2.077,0.2663,0.0101
founder_nomig_admix_late	Round_4_Replicate_4	-799.71	1611.42	1269.81	245.95	1.1912,18.4884,0.8672,0.7883,0.2826,0.0107
founder_nomig_admix_late	Round_4_Replicate_5	-867.63	1747.26	1606.79	152.9	2.5252,19.87,0.6308,0.7544,0.4671,0.0101
founder_nomig_admix_late	Round_4_Replicate_6	-1526.63	3065.26	599105.72	264.05	0.8189,16.3822,0.5352,2.35,0.4088,0.0107
founder_nomig_admix_late	Round_4_Replicate_7	-827.14	1666.28	1283.37	197.86	1.4014,16.1264,1.3158,0.9527,0.2893,0.0103
founder_nomig_admix_late	Round_4_Replicate_8	-1229.5	2471.0	20368.33	219.39	0.8198,19.3713,1.5732,1.6975,0.2843,0.0103
founder_nomig_admix_late	Round_4_Replicate_9	-1216.38	2444.76	31705.29	168.23	1.4245,19.1463,1.1032,2.8237,0.4511,0.0103
founder_nomig_admix_late	Round_4_Replicate_10	-1391.16	2794.32	289396.71	233.63	0.7707,19.7191,1.0282,2.0458,0.1817,0.0133
founder_nomig_admix_late	Round_4_Replicate_11	-919.93	1851.86	1448.15	203.27	1.3521,17.4508,1.5743,0.7967,0.4682,0.0103
founder_nomig_admix_late	Round_4_Replicate_12	-714.86	1441.72	1009.86	207.1	1.7744,15.0459,0.5851,0.842,0.4793,0.0112
founder_nomig_admix_late	Round_4_Replicate_13	-1301.65	2615.3	57002.75	214.6	0.8288,19.6636,1.5865,1.7694,0.1584,0.0104
founder_nomig_admix_late	Round_4_Replicate_14	-1182.88	2377.76	24706.68	184.91	1.6112,19.4067,0.5328,2.0011,0.1691,0.0105
founder_nomig_admix_late	Round_4_Replicate_15	-1499.04	3010.08	987902.66	251.58	0.8176,19.4038,0.5579,2.3574,0.2528,0.0103
founder_nomig_admix_late	Round_4_Replicate_16	-890.56	1793.12	3056.63	268.87	0.9496,14.8765,0.9056,1.1187,0.3988,0.0104
founder_nomig_admix_late	Round_4_Replicate_17	-888.25	1788.5	3227.85	181.29	1.6588,17.8094,0.7696,1.6125,0.239,0.0134
founder_nomig_admix_late	Round_4_Replicate_18	-808.36	1628.72	1757.77	289.71	0.9834,17.1591,0.6866,0.8233,0.2489,0.0103
founder_nomig_admix_late	Round_4_Replicate_19	-1044.59	2101.18	12091.49	252.05	1.0227,12.7213,0.6623,1.4852,0.2254,0.0124
founder_nomig_admix_late	Round_4_Replicate_20	-747.55	1507.1	1061.93	130.1	2.4793,17.1719,1.3991,1.4243,0.449,0.0104
founder_nomig_admix_late	Round_4_Replicate_21	-927.15	1866.3	4218.55	160.43	1.6812,19.3362,1.105,2.0674,0.2985,0.0166
founder_nomig_admix_late	Round_4_Replicate_22	-903.78	1819.56	1505.1	173.41	1.7923,15.0264,1.199,0.8176,0.1611,0.0101
founder_nomig_admix_late	Round_4_Replicate_23	-917.42	1846.84	4374.45	246.32	1.1083,7.2144,0.7224,1.2547,0.2315,0.0108
founder_nomig_admix_late	Round_4_Replicate_24	-1109.55	2231.1	11847.42	209.29	0.9776,19.0374,1.423,1.6744,0.2345,0.0122
founder_nomig_admix_late	Round_4_Replicate_25	-1191.66	2395.32	25425.57	239.6	0.8865,19.2981,0.9754,1.8108,0.3675,0.0105
founder_nomig_admix_late	Round_4_Replicate_26	-808.31	1628.62	1657.9	238.92	1.2829,18.2406,0.6732,0.9339,0.2274,0.0107
founder_nomig_admix_late	Round_4_Replicate_27	-942.94	1897.88	6200.76	278.57	0.9881,18.2521,0.5812,1.2676,0.2922,0.01
founder_nomig_admix_late	Round_4_Replicate_28	-916.55	1845.1	1744.45	145.54	2.7055,19.5904,0.4803,0.7522,0.353,0.0101
founder_nomig_admix_late	Round_4_Replicate_29	-1151.81	2315.62	18766.36	281.77	0.8493,19.3845,0.7282,1.5463,0.4522,0.0102
founder_nomig_admix_late	Round_4_Replicate_30	-1056.37	2124.74	11952.83	285.28	0.8411,18.1892,0.6975,1.3867,0.3091,0.0126
founder_nomig_admix_late	Round_4_Replicate_31	-720.8	1453.6	1544.84	193.68	1.9815,19.7036,0.5099,1.3595,0.4986,0.0103
founder_nomig_admix_late	Round_4_Replicate_32	-755.65	1523.3	1157.92	160.83	1.908,19.5535,1.2099,1.2938,0.4118,0.012
founder_nomig_admix_late	Round_4_Replicate_33	-720.63	1453.26	1165.64	152.96	2.338,13.0335,0.7333,1.3406,0.391,0.0107
founder_nomig_admix_late	Round_4_Replicate_34	-756.28	1524.56	1226.17	181.7	1.6464,10.0126,1.1037,1.192,0.3821,0.0103
founder_nomig_admix_late	Round_4_Replicate_35	-1175.25	2362.5	19720.38	191.95	1.0451,12.5134,1.6525,1.7775,0.1547,0.0126
founder_nomig_admix_late	Round_4_Replicate_36	-1082.84	2177.68	10148.04	228.59	0.9148,19.6206,1.3231,1.4612,0.2104,0.0104
founder_nomig_admix_late	Round_4_Replicate_37	-909.02	1830.04	1730.01	172.22	2.1138,18.5108,0.5039,0.8304,0.1768,0.0101
founder_nomig_admix_late	Round_4_Replicate_38	-909.82	1831.64	2312.85	187.1	1.2485,14.8026,1.7481,1.3355,0.2875,0.0101
founder_nomig_admix_late	Round_4_Replicate_39	-765.7	1543.4	1113.14	215.66	1.5362,15.1125,0.7557,0.7971,0.4098,0.0114
founder_nomig_admix_late	Round_4_Replicate_40	-1254.68	2521.36	29139.08	214.34	0.8998,16.139,1.445,1.6858,0.154,0.0185
