Model	Replicate	log-likelihood	AIC	chi-squared	theta	optimized_params(nuA, nu1, nu2, T1, T2, s, f)
vic_two_epoch_admix	Round_1_Replicate_1	-1856.63	3727.26	166448.4	259.21	1.4368,4.2359,0.1258,0.2636,1.3311,0.1419,0.3501
vic_two_epoch_admix	Round_1_Replicate_2	-906.77	1827.54	3646.39	427.29	0.6827,2.9212,0.2857,0.3812,0.25,0.3276,0.0343
vic_two_epoch_admix	Round_1_Replicate_3	-2598.38	5210.76	131075596.42	91.48	3.0433,0.9483,0.3196,2.9311,5.7343,0.1711,0.0901
vic_two_epoch_admix	Round_1_Replicate_4	-893.0	1800.0	1539.59	278.57	1.3627,0.6641,0.5967,0.5614,0.2155,0.4238,0.2333
vic_two_epoch_admix	Round_1_Replicate_5	-2650.03	5314.06	8.41264777442e+19	161.27	0.1805,0.1215,2.5492,1.7751,3.3646,0.1661,0.0895
vic_two_epoch_admix	Round_1_Replicate_6	-2775.81	5565.62	1.11735578539e+20	144.06	0.1909,0.7696,1.4781,0.1831,5.4277,0.093,0.0447
vic_two_epoch_admix	Round_1_Replicate_7	-1255.96	2525.92	7.61101010322e+11	724.13	0.2002,2.6322,1.2309,0.2358,0.4404,0.084,0.9797
vic_two_epoch_admix	Round_1_Replicate_8	-3713.87	7441.74	2742208.74	258.29	2.4292,0.2186,0.477,0.1198,0.1799,0.4876,0.9797
vic_two_epoch_admix	Round_1_Replicate_9	-1121.17	2256.34	13911.07	276.35	1.1457,4.9016,2.1065,0.2917,1.1489,0.4876,0.0318
vic_two_epoch_admix	Round_1_Replicate_10	-2195.83	4405.66	7731879.86	120.18	3.0107,0.1316,1.9792,0.1696,4.6025,0.16,0.5916
vic_two_epoch_admix	Round_2_Replicate_1	-1312.22	2638.44	4534.91	133.4	3.2809,0.253,1.1394,2.2423,0.0604,0.4391,0.1097
vic_two_epoch_admix	Round_2_Replicate_2	-996.02	2006.04	2021.51	227.91	1.9668,2.2252,0.4613,0.2747,0.5069,0.4562,0.1062
vic_two_epoch_admix	Round_2_Replicate_3	-966.39	1946.78	1665.43	252.53	1.9178,0.1691,1.5635,0.6441,0.1321,0.2033,0.1258
vic_two_epoch_admix	Round_2_Replicate_4	-1950.87	3915.74	35444.95	234.65	2.2025,0.9846,0.3109,0.1474,0.3279,0.4876,0.5553
vic_two_epoch_admix	Round_2_Replicate_5	-2019.22	4052.44	24091.1	234.69	3.7615,1.1954,1.0637,0.3054,0.0917,0.1328,0.1297
vic_two_epoch_admix	Round_2_Replicate_6	-884.13	1782.26	1873.09	360.56	0.7101,0.9162,1.0973,1.3389,0.0848,0.3077,0.0933
vic_two_epoch_admix	Round_2_Replicate_7	-697.2	1408.4	1226.01	389.95	0.7773,1.8305,0.8305,0.2831,0.2635,0.4828,0.0904
vic_two_epoch_admix	Round_2_Replicate_8	-714.91	1443.82	1164.95	445.38	0.6255,0.9652,0.1441,0.5876,0.0639,0.3226,0.0921
vic_two_epoch_admix	Round_2_Replicate_9	-1763.1	3540.2	109929.69	498.26	0.4403,0.5033,0.8409,0.1928,0.7332,0.4876,0.0552
vic_two_epoch_admix	Round_2_Replicate_10	-741.03	1496.06	1163.66	432.38	0.6817,0.8829,1.0368,0.4268,0.2508,0.4876,0.4253
vic_two_epoch_admix	Round_2_Replicate_11	-1823.41	3660.82	26235.33	317.24	1.2683,0.9746,0.3297,0.1804,0.1616,0.4876,0.4743
vic_two_epoch_admix	Round_2_Replicate_12	-728.42	1470.84	946.97	536.62	0.4364,0.7262,1.4002,0.1804,0.115,0.4876,0.3289
vic_two_epoch_admix	Round_2_Replicate_13	-1008.29	2030.58	4115.06	440.67	0.6859,0.3526,0.6389,0.1438,0.3699,0.2416,0.0977
vic_two_epoch_admix	Round_2_Replicate_14	-1992.36	3998.72	37564.41	140.43	4.0837,1.8388,0.6207,1.0067,0.2169,0.4876,0.1923
vic_two_epoch_admix	Round_2_Replicate_15	-4440.38	8894.76	16372344.32	295.51	1.7019,0.5735,0.2374,0.171,0.0862,0.4876,0.7395
vic_two_epoch_admix	Round_2_Replicate_16	-1258.23	2530.46	4439.32	290.65	1.5477,1.5744,0.3856,0.3753,0.1033,0.2672,0.1989
vic_two_epoch_admix	Round_2_Replicate_17	-1153.04	2320.08	3091.14	206.73	2.3488,0.1633,0.5671,0.2186,0.5579,0.4876,0.0596
vic_two_epoch_admix	Round_2_Replicate_18	-1979.36	3972.72	41451.17	419.57	0.7741,0.9198,2.0325,0.2578,0.0921,0.4876,0.6725
vic_two_epoch_admix	Round_2_Replicate_19	-2711.58	5437.16	240133.92	195.69	3.0705,0.6445,0.6491,0.467,0.0863,0.4876,0.1498
vic_two_epoch_admix	Round_2_Replicate_20	-2972.94	5959.88	360356.27	223.42	1.5366,0.5015,1.1682,1.776,0.0587,0.4779,0.5341
vic_two_epoch_admix	Round_3_Replicate_1	-669.62	1353.24	1150.17	439.14	0.6299,1.1743,2.0644,0.1983,0.2071,0.4644,0.035
vic_two_epoch_admix	Round_3_Replicate_2	-1373.32	2760.64	8067.54	708.27	0.2603,2.675,1.9766,0.2367,0.0826,0.2159,0.042
vic_two_epoch_admix	Round_3_Replicate_3	-1038.12	2090.24	3504.19	626.1	0.3328,7.0972,3.2972,0.4123,0.0485,0.37,0.0266
vic_two_epoch_admix	Round_3_Replicate_4	-819.47	1652.94	1300.19	433.05	0.614,0.5409,0.2444,0.1309,0.1042,0.4711,0.0866
vic_two_epoch_admix	Round_3_Replicate_5	-914.33	1842.66	4257.14	336.72	0.8847,1.0758,1.1219,0.8052,0.5975,0.4957,0.3628
vic_two_epoch_admix	Round_3_Replicate_6	-1574.06	3162.12	12812.3	293.1	1.4629,0.6173,0.9612,0.1668,0.1431,0.4957,0.0721
vic_two_epoch_admix	Round_3_Replicate_7	-1122.76	2259.52	2417.1	316.52	1.5573,5.3565,1.0438,0.1414,0.2128,0.1784,0.0418
vic_two_epoch_admix	Round_3_Replicate_8	-642.04	1298.08	947.86	493.89	0.4938,0.7418,2.5768,0.1337,0.173,0.4777,0.0818
vic_two_epoch_admix	Round_3_Replicate_9	-894.01	1802.02	1591.88	365.62	1.0124,1.588,0.9144,0.1035,0.2379,0.2558,0.0425
vic_two_epoch_admix	Round_3_Replicate_10	-682.86	1379.72	1064.25	404.3	0.7355,1.7565,0.7301,0.3214,0.213,0.4663,0.1323
vic_two_epoch_admix	Round_3_Replicate_11	-701.84	1417.68	1024.47	483.85	0.5317,0.9654,2.6884,0.4307,0.0887,0.4729,0.1253
vic_two_epoch_admix	Round_3_Replicate_12	-743.39	1500.78	996.95	444.91	0.6354,1.1606,1.0189,0.2629,0.1462,0.4418,0.2907
vic_two_epoch_admix	Round_3_Replicate_13	-1441.26	2896.52	8032.35	252.56	1.8865,0.5053,2.514,0.1459,0.2916,0.4957,0.0464
vic_two_epoch_admix	Round_3_Replicate_14	-1383.33	2780.66	13782.97	650.49	0.3006,2.9151,0.3284,0.3683,0.1479,0.4414,0.0316
vic_two_epoch_admix	Round_3_Replicate_15	-781.08	1576.16	1303.62	295.4	1.2521,7.6663,0.2563,0.0852,0.5777,0.4839,0.171
vic_two_epoch_admix	Round_3_Replicate_16	-1360.67	2735.34	12111.21	392.4	0.7131,1.8074,2.2511,0.8304,0.2744,0.213,0.0491
vic_two_epoch_admix	Round_3_Replicate_17	-894.12	1802.24	1577.03	307.85	1.234,0.4799,0.5649,0.1259,0.3444,0.4599,0.0877
vic_two_epoch_admix	Round_3_Replicate_18	-943.31	1900.62	1890.05	350.3	0.963,1.7804,0.4216,0.2513,0.1136,0.4957,0.0924
vic_two_epoch_admix	Round_3_Replicate_19	-865.35	1744.7	3618.79	276.62	1.2591,0.5427,0.6856,0.1316,0.9455,0.4744,0.0436
vic_two_epoch_admix	Round_3_Replicate_20	-872.81	1759.62	3769.98	297.45	1.0974,1.1807,0.2275,0.5605,0.612,0.475,0.1202
vic_two_epoch_admix	Round_3_Replicate_21	-1289.14	2592.28	9448.85	586.7	0.3886,1.3129,0.472,0.309,0.1954,0.2619,0.0582
vic_two_epoch_admix	Round_3_Replicate_22	-667.3	1348.6	1020.45	430.96	0.645,5.0379,0.8389,0.1507,0.2244,0.4902,0.0322
vic_two_epoch_admix	Round_3_Replicate_23	-1528.41	3070.82	29435.56	407.93	0.5903,2.4237,2.201,0.9173,0.5465,0.3162,0.1676
vic_two_epoch_admix	Round_3_Replicate_24	-1811.0	3636.0	23055.44	246.21	2.0828,7.9574,0.7106,0.2299,0.1618,0.4957,0.0458
vic_two_epoch_admix	Round_3_Replicate_25	-1657.26	3328.52	36579.82	436.9	0.5089,0.4647,0.3744,0.9489,0.285,0.3109,0.0257
vic_two_epoch_admix	Round_3_Replicate_26	-2107.93	4229.86	635768.02	510.57	0.3893,7.838,3.195,0.2964,0.8197,0.4673,0.1485
vic_two_epoch_admix	Round_3_Replicate_27	-1026.92	2067.84	2151.15	272.76	1.8114,4.1976,0.7351,0.1382,0.4763,0.1948,0.0595
vic_two_epoch_admix	Round_3_Replicate_28	-713.46	1440.92	960.28	272.05	1.2468,0.6767,0.6035,1.0878,0.1236,0.475,0.0803
vic_two_epoch_admix	Round_3_Replicate_29	-654.47	1322.94	887.34	446.29	0.6169,3.7113,0.8211,0.2769,0.1258,0.4389,0.101
vic_two_epoch_admix	Round_3_Replicate_30	-1202.89	2419.78	2710.54	273.22	2.1491,1.1166,2.5703,0.2854,0.1656,0.1596,0.0367
vic_two_epoch_admix	Round_4_Replicate_1	-626.95	1267.9	879.81	530.55	0.4077,0.4194,1.457,0.0669,0.1641,0.4684,0.0731
vic_two_epoch_admix	Round_4_Replicate_2	-654.77	1323.54	1007.14	463.86	0.5704,0.4016,3.2003,0.1844,0.1611,0.4224,0.061
vic_two_epoch_admix	Round_4_Replicate_3	-641.7	1297.4	979.91	502.12	0.4723,1.1124,3.4311,0.0755,0.1925,0.4305,0.0454
vic_two_epoch_admix	Round_4_Replicate_4	-622.84	1259.68	889.63	553.89	0.3709,1.1231,2.6959,0.066,0.1546,0.4764,0.0892
vic_two_epoch_admix	Round_4_Replicate_5	-640.12	1294.24	904.32	499.87	0.4718,1.3664,2.8797,0.1151,0.1425,0.4367,0.0504
vic_two_epoch_admix	Round_4_Replicate_6	-700.26	1414.52	1154.1	390.97	0.8012,1.0564,4.1743,0.2405,0.2364,0.3894,0.0754
vic_two_epoch_admix	Round_4_Replicate_7	-670.73	1355.46	1070.44	427.4	0.664,0.4556,5.164,0.0833,0.3159,0.4681,0.1089
vic_two_epoch_admix	Round_4_Replicate_8	-677.55	1369.1	1100.83	537.33	0.4018,0.9538,1.7477,0.0758,0.1315,0.3467,0.0789
vic_two_epoch_admix	Round_4_Replicate_9	-662.73	1339.46	1192.84	483.12	0.5218,0.9367,5.1109,0.0857,0.2609,0.4745,0.0455
vic_two_epoch_admix	Round_4_Replicate_10	-639.64	1293.28	881.94	487.7	0.5028,0.4284,2.0856,0.1747,0.1218,0.4652,0.0589
vic_two_epoch_admix	Round_4_Replicate_11	-693.37	1400.74	1067.23	386.4	0.796,0.5297,5.2013,0.171,0.2753,0.4728,0.043
vic_two_epoch_admix	Round_4_Replicate_12	-630.83	1275.66	877.64	521.09	0.4392,1.2842,2.4688,0.1589,0.1138,0.4564,0.0819
vic_two_epoch_admix	Round_4_Replicate_13	-622.25	1258.5	859.16	550.22	0.3706,1.3782,3.3514,0.0681,0.1415,0.4668,0.0778
vic_two_epoch_admix	Round_4_Replicate_14	-657.76	1329.52	966.66	451.45	0.5943,0.5098,2.8099,0.0952,0.2437,0.4588,0.0939
vic_two_epoch_admix	Round_4_Replicate_15	-613.93	1241.86	820.13	613.51	0.2635,0.5472,1.7112,0.075,0.072,0.4587,0.065
vic_two_epoch_admix	Round_4_Replicate_16	-672.15	1358.3	1038.44	445.62	0.623,0.5758,1.7209,0.1264,0.2262,0.3998,0.0963
vic_two_epoch_admix	Round_4_Replicate_17	-633.18	1280.36	898.8	524.49	0.4327,0.906,3.1866,0.077,0.1769,0.4423,0.1563
vic_two_epoch_admix	Round_4_Replicate_18	-685.9	1385.8	1123.07	397.66	0.7553,0.6679,1.4426,0.1615,0.2877,0.4706,0.0407
vic_two_epoch_admix	Round_4_Replicate_19	-657.2	1328.4	1048.04	472.05	0.5628,0.5062,2.7898,0.1856,0.1953,0.4163,0.1381
vic_two_epoch_admix	Round_4_Replicate_20	-671.48	1356.96	1085.21	431.75	0.6583,0.6428,2.4137,0.1558,0.2778,0.4624,0.1497
vic_two_epoch_admix	Round_4_Replicate_21	-623.04	1260.08	833.5	592.03	0.3219,0.8302,4.7308,0.1352,0.0745,0.4695,0.0964
vic_two_epoch_admix	Round_4_Replicate_22	-651.17	1316.34	919.95	476.99	0.5399,0.9852,2.4515,0.1526,0.1882,0.4647,0.1557
vic_two_epoch_admix	Round_4_Replicate_23	-621.55	1257.1	828.8	563.2	0.3511,0.8843,2.0078,0.1124,0.0935,0.475,0.0695
vic_two_epoch_admix	Round_4_Replicate_24	-723.15	1460.3	1180.88	347.67	0.9603,0.6912,3.3158,0.1123,0.4192,0.465,0.06
vic_two_epoch_admix	Round_4_Replicate_25	-706.24	1426.48	1160.45	378.01	0.8463,0.5218,4.1371,0.1569,0.3306,0.4112,0.0973
vic_two_epoch_admix	Round_4_Replicate_26	-732.75	1479.5	1115.07	386.04	0.829,1.4112,2.9304,0.1286,0.2606,0.3781,0.0524
vic_two_epoch_admix	Round_4_Replicate_27	-638.17	1290.34	837.94	536.84	0.4185,1.112,4.1784,0.1898,0.0932,0.4676,0.1228
vic_two_epoch_admix	Round_4_Replicate_28	-647.81	1309.62	896.23	516.38	0.4597,0.419,1.3603,0.2001,0.0824,0.3782,0.1104
vic_two_epoch_admix	Round_4_Replicate_29	-677.52	1369.04	1013.72	419.03	0.6974,0.3952,3.2331,0.1466,0.2565,0.4322,0.1213
vic_two_epoch_admix	Round_4_Replicate_30	-854.11	1722.22	1489.96	390.25	0.8799,0.6793,4.7578,0.1192,0.2133,0.2557,0.117
vic_two_epoch_admix	Round_4_Replicate_31	-623.88	1261.76	855.04	553.94	0.3722,1.4076,1.8221,0.0937,0.1285,0.4747,0.0997
vic_two_epoch_admix	Round_4_Replicate_32	-655.44	1324.88	1063.56	466.21	0.5608,1.0009,2.2085,0.1213,0.2319,0.4624,0.07
vic_two_epoch_admix	Round_4_Replicate_33	-664.15	1342.3	1080.18	446.41	0.6167,0.4528,2.5838,0.1121,0.2743,0.4461,0.1161
vic_two_epoch_admix	Round_4_Replicate_34	-647.17	1308.34	953.11	481.76	0.5299,0.9492,1.6931,0.1558,0.1839,0.4542,0.1281
vic_two_epoch_admix	Round_4_Replicate_35	-640.47	1294.94	984.13	500.01	0.4797,1.0451,3.3466,0.1478,0.1513,0.4729,0.0449
vic_two_epoch_admix	Round_4_Replicate_36	-651.21	1316.42	1162.05	572.23	0.3623,0.4253,2.2776,0.0509,0.1873,0.415,0.1027
vic_two_epoch_admix	Round_4_Replicate_37	-768.83	1551.66	1154.21	355.78	0.956,1.3729,1.5738,0.1271,0.2995,0.4108,0.087
vic_two_epoch_admix	Round_4_Replicate_38	-676.08	1366.16	1226.69	500.04	0.5107,0.7631,1.6993,0.193,0.1722,0.3714,0.1235
vic_two_epoch_admix	Round_4_Replicate_39	-727.56	1469.12	1122.72	358.85	0.9293,1.3306,1.7615,0.1463,0.336,0.419,0.0856
vic_two_epoch_admix	Round_4_Replicate_40	-748.5	1511.0	1187.45	419.39	0.7167,0.367,4.1444,0.0779,0.2338,0.3309,0.0556
