Model	Replicate	log-likelihood	AIC	chi-squared	theta	optimized_params
founder_asym	Round_4_Replicate_30	-638.74	1291.48	758.31	876.96	0.2873,3.1731,0.1713,0.9701,0.4,0.8486,0.4793	
founder_asym	Round_4_Replicate_38	-641.62	1297.24	823.31	729.99	0.4036,2.7079,0.1607,0.5161,0.5306,0.8964,0.4613	
founder_asym	Round_4_Replicate_17	-641.88	1297.76	799.01	963.87	0.2329,6.1351,0.1533,0.9064,0.4057,0.7901,0.3803	
founder_asym	Round_4_Replicate_28	-643.12	1300.24	821.84	858.32	0.32,2.6798,0.1401,0.8048,0.5913,0.9952,0.4905	
founder_asym	Round_4_Replicate_18	-644.53	1303.06	842.05	994.54	0.2618,7.3817,0.1209,0.8684,0.6548,0.9138,0.4834	
founder_nomig	Round_3_Replicate_18	-694.07	1398.14	1183.8	918.04	0.4176,0.1736,0.1162,0.1994,0.4991	
founder_nomig	Round_4_Replicate_7	-694.25	1398.5	1178.7	1008.19	0.382,0.1985,0.1038,0.1801,0.4984	
founder_nomig	Round_4_Replicate_22	-694.75	1399.5	1161.72	880.17	0.4289,0.2343,0.129,0.2068,0.4999	
founder_nomig	Round_4_Replicate_14	-694.95	1399.9	1206.19	950.62	0.409,0.2715,0.1058,0.193,0.4983	
founder_nomig	Round_4_Replicate_20	-695.45	1400.9	1182.01	1093.37	0.3487,0.0754,0.0991,0.1671,0.4957	
founder_nomig_admix_early	Round_4_Replicate_17	-693.94	1399.88	1184.61	50.29	7.7167,0.2059,2.0226,3.6078,0.4996,0.9798	
founder_nomig_admix_early	Round_4_Replicate_40	-694.42	1400.84	1161.16	30.41	12.8882,0.2021,3.2187,5.8012,0.4999,0.98	
founder_nomig_admix_early	Round_4_Replicate_1	-696.55	1405.1	1180.58	71.19	5.4092,0.0968,1.4552,2.5335,0.4928,0.5932	
founder_nomig_admix_early	Round_4_Replicate_38	-701.13	1414.26	1167.32	77.99	4.8155,0.0877,1.4417,2.3006,0.4828,0.8882	
founder_nomig_admix_early	Round_4_Replicate_9	-703.06	1418.12	1148.6	36.26	10.9393,0.0726,2.5103,4.6064,0.4899,0.6902	
founder_nomig_admix_late	Round_4_Replicate_12	-714.86	1441.72	1009.86	207.1	1.7744,15.0459,0.5851,0.842,0.4793,0.0112	
founder_nomig_admix_late	Round_4_Replicate_33	-720.63	1453.26	1165.64	152.96	2.338,13.0335,0.7333,1.3406,0.391,0.0107	
founder_nomig_admix_late	Round_4_Replicate_31	-720.8	1453.6	1544.84	193.68	1.9815,19.7036,0.5099,1.3595,0.4986,0.0103	
founder_nomig_admix_late	Round_4_Replicate_20	-747.55	1507.1	1061.93	130.1	2.4793,17.1719,1.3991,1.4243,0.449,0.0104	
founder_nomig_admix_late	Round_4_Replicate_32	-755.65	1523.3	1157.92	160.83	1.908,19.5535,1.2099,1.2938,0.4118,0.012	
founder_nomig_admix_two_epoch	Round_4_Replicate_26	-701.38	1416.76	1243.4	140.53	2.7553,0.7098,0.8307,0.7431,1.3846,0.4989,0.0987	
founder_nomig_admix_two_epoch	Round_4_Replicate_40	-705.05	1424.1	1184.91	226.43	1.6516,0.49,0.5419,0.5368,0.7512,0.4666,0.2661	
founder_nomig_admix_two_epoch	Round_4_Replicate_9	-707.22	1428.44	1107.38	137.23	2.6146,0.6503,1.0428,0.756,0.4627,0.4948,0.1276	
founder_nomig_admix_two_epoch	Round_4_Replicate_17	-707.99	1429.98	1254.15	176.79	2.2182,0.3135,0.6183,0.6001,0.6278,0.4822,0.1392	
founder_nomig_admix_two_epoch	Round_4_Replicate_34	-708.44	1430.88	1111.67	160.83	2.2569,0.3265,0.8121,0.7076,0.5659,0.4621,0.243	
founder_sym	Round_4_Replicate_39	-626.01	1264.02	763.77	523.55	0.6883,2.5865,0.2279,0.2415,0.5744,0.4926	
founder_sym	Round_4_Replicate_28	-626.33	1264.66	768.43	429.03	0.8133,6.8118,0.299,0.17,0.7099,0.4855	
founder_sym	Round_4_Replicate_31	-628.28	1268.56	785.58	436.25	0.7838,6.5598,0.3116,0.1532,0.7257,0.498	
founder_sym	Round_4_Replicate_13	-628.45	1268.9	783.27	361.09	0.9121,4.7379,0.3462,0.2008,1.247,0.4961	
founder_sym	Round_4_Replicate_33	-629.37	1270.74	770.44	316.09	1.0785,3.0348,0.43,0.1163,0.958,0.4805	
vic_anc_asym_mig	Round_4_Replicate_27	-670.37	1356.74	1056.4	436.79	0.6549,0.0789,1.5191,0.0881,2.1247,0.1991,0.2421,0.4408	
vic_anc_asym_mig	Round_4_Replicate_40	-675.61	1367.22	1039.36	444.76	0.654,0.0697,2.8577,0.2636,1.6261,0.4358,0.1811,0.4423	
vic_anc_asym_mig	Round_4_Replicate_9	-682.52	1381.04	1067.08	408.16	0.7295,0.2632,4.0409,0.2103,1.5273,0.2103,0.265,0.4695	
vic_anc_asym_mig	Round_4_Replicate_20	-693.35	1402.7	1108.2	384.78	0.8061,0.0941,4.0784,0.1111,0.5966,0.2309,0.2554,0.4595	
vic_anc_asym_mig	Round_4_Replicate_25	-701.62	1419.24	1330.76	388.12	0.7909,0.1831,4.5469,0.0911,0.7024,0.2492,0.2999,0.4589	
vic_no_mig	Round_4_Replicate_30	-607.57	1225.14	829.94	652.91	0.1941,0.1177,0.5583,0.1034,0.486	
vic_no_mig	Round_4_Replicate_38	-608.01	1226.02	832.25	660.59	0.1827,0.1961,0.9032,0.0967,0.4827	
vic_no_mig	Round_3_Replicate_20	-608.1	1226.2	818.58	648.06	0.1956,0.2031,0.943,0.102,0.4846	
vic_no_mig	Round_4_Replicate_28	-608.28	1226.56	837.11	669.88	0.1756,0.2307,1.4533,0.0952,0.4935	
vic_no_mig	Round_4_Replicate_3	-608.37	1226.74	830.88	671.75	0.171,0.1094,1.7037,0.0919,0.4944	
vic_no_mig_admix_early	Round_2_Replicate_8	-607.51	1227.02	826.82	641.82	0.2099,0.1682,5.6692,0.1124,0.49,0.0275	
vic_no_mig_admix_early	Round_3_Replicate_6	-607.66	1227.32	833.56	659.04	0.1874,0.0761,7.7674,0.1005,0.4877,0.0108	
vic_no_mig_admix_early	Round_4_Replicate_6	-607.68	1227.36	835.83	659.21	0.1878,0.2063,4.8695,0.101,0.4871,0.019	
vic_no_mig_admix_early	Round_4_Replicate_32	-607.76	1227.52	824.1	639.81	0.2098,0.1158,3.0132,0.1107,0.4841,0.0127	
vic_no_mig_admix_early	Round_4_Replicate_3	-607.97	1227.94	851.89	654.27	0.1991,0.1796,4.7771,0.1093,0.4844,0.0172	
vic_no_mig_admix_late	Round_4_Replicate_7	-619.0	1250.0	830.95	603.74	0.2918,0.6353,0.1803,0.1789,0.4725,0.0101	
vic_no_mig_admix_late	Round_4_Replicate_14	-619.18	1250.36	816.78	640.68	0.2321,0.8651,0.1601,0.1366,0.477,0.0103	
vic_no_mig_admix_late	Round_4_Replicate_28	-619.21	1250.42	804.95	585.18	0.3137,0.7095,0.0982,0.1862,0.4819,0.01	
vic_no_mig_admix_late	Round_4_Replicate_34	-619.49	1250.98	820.68	588.03	0.3132,1.9037,0.1121,0.1893,0.4734,0.0101	
vic_no_mig_admix_late	Round_4_Replicate_2	-622.81	1257.62	858.41	568.76	0.3502,0.5972,0.0794,0.2161,0.4481,0.0102	
vic_sec_contact_asym_mig	Round_4_Replicate_2	-622.74	1261.48	744.56	386.86	0.7781,8.7218,17.0129,0.5853,0.2548,0.5768,0.04,0.4807	
vic_sec_contact_asym_mig	Round_4_Replicate_30	-628.34	1272.68	765.95	361.36	0.8715,3.8358,8.1602,0.4707,0.2936,0.6396,0.0339,0.4664	
vic_sec_contact_asym_mig	Round_4_Replicate_32	-634.61	1285.22	810.07	376.94	0.8061,4.4749,16.2569,0.7235,0.2185,0.6476,0.0316,0.4813	
vic_sec_contact_asym_mig	Round_4_Replicate_8	-644.18	1304.36	765.2	321.31	1.0556,12.6589,15.4001,0.2366,0.2021,0.7056,0.0803,0.4349	
vic_sec_contact_asym_mig	Round_4_Replicate_9	-656.4	1328.8	835.13	302.99	1.0716,6.1269,11.2817,0.4136,0.2659,1.035,0.0658,0.4641	
vic_two_epoch_admix	Round_4_Replicate_15	-613.93	1241.86	820.13	613.51	0.2635,0.5472,1.7112,0.075,0.072,0.4587,0.065	
vic_two_epoch_admix	Round_4_Replicate_23	-621.55	1257.1	828.8	563.2	0.3511,0.8843,2.0078,0.1124,0.0935,0.475,0.0695	
vic_two_epoch_admix	Round_4_Replicate_13	-622.25	1258.5	859.16	550.22	0.3706,1.3782,3.3514,0.0681,0.1415,0.4668,0.0778	
vic_two_epoch_admix	Round_4_Replicate_4	-622.84	1259.68	889.63	553.89	0.3709,1.1231,2.6959,0.066,0.1546,0.4764,0.0892	
vic_two_epoch_admix	Round_4_Replicate_21	-623.04	1260.08	833.5	592.03	0.3219,0.8302,4.7308,0.1352,0.0745,0.4695,0.0964	
